,x,y,v,delta,x_c,y_c
0,-49.3314208984375,-40.363502502441406,2.2479567160483955,-0.07108357096228109,-1.0655436960241311,-1.6752738297247052
1,-49.3314208984375,-40.363502502441406,3.874603614855424,-0.07354597776176945,-1.278775176045767,-2.010284082471374
2,-49.335147764394854,-40.36499621246346,5.048776543882707,-0.06484840122964936,-1.4920383377764803,-2.3452821865927427
3,-49.34298231998662,-40.36812462008388,5.889889890986579,-0.05794505099797318,-1.7053293698828462,-2.6802694919360897
4,-49.36255764683065,-40.37577630103013,6.454550224444408,-0.053482906285322325,-1.9186443022258957,-3.015247110140301
5,-49.38643641824876,-40.38465725872081,6.808766833096385,-0.05040928671139542,-2.131979164666659,-3.3502162322471114
6,-49.38888522480102,-40.385557142924576,6.991895747836067,-0.04932975120843897,-2.3453301458716727,-3.685178128700952
7,-49.42731281505276,-40.39954375096238,7.0,-0.04737637921288161,-2.558693196299196,-4.020133911140765
8,-49.46787216757908,-40.414130652233524,7.0,-0.04542753930972249,-2.772064425213032,-4.355084770608248
9,-49.51023289114179,-40.42921711450617,7.0,-0.04586772122198448,-2.9854399418769826,-4.690032056950642
10,-49.54662397191116,-40.44205857999397,7.0,-0.04436277826225404,-3.198815855554813,-5.024976723001288
11,-49.670105338294704,-40.484889804122865,7.0,-0.0398163619449459,-3.412188196107573,-5.359920198010257
12,-49.679032961347836,-40.487942722513864,7.0,-0.03924778038656524,-3.625555137271293,-5.6948629583942
13,-49.74414554753998,-40.510050429964565,7.0,-0.037250396914036976,-3.838916679046013,-6.029805321764263
14,-49.82268540970993,-40.536320618169455,7.0,-0.035060494595473043,-4.052272742028939,-6.364747526328744
15,-49.90828231543253,-40.56453586241886,7.0,-0.03286082285118137,-4.265623485025618,-6.699689651490472
16,-50.00296878791542,-40.59526394948156,7.0,-0.030809693872755808,-4.478968908036068,-7.034632014860516
17,-50.0931268942149,-40.62407866770826,7.0,-0.029224454022795113,-4.6923090904630405,-7.369574695841687
18,-50.19771527521411,-40.65701402745927,7.0,-0.027947377722438653,-4.905643952903803,-7.704518012045092
19,-50.352943153565185,-40.70502163340396,7.0,-0.02451829841598825,-5.118973654163863,-8.039462042873524
20,-50.467350718057666,-40.73975628887532,7.0,-0.023423303824372264,-5.332298194243256,-8.374407026535296
21,-50.57171638572314,-40.771011269350815,7.0,-0.022954653978003375,-5.545617652544756,-8.709353280641556
22,-50.74750740483006,-40.82278619077323,7.0,-0.019191922909196975,-5.7589320290683625,-9.044300805192286
23,-50.82752347120626,-40.846007236525125,7.0,-0.018691063919323885,-5.972241323814056,-9.37924991779861
24,-51.133184332116116,-40.93293059674869,7.0,-0.014704194581746058,-6.185545695587419,-9.714200777266074
25,-51.139649724496955,-40.9347402650284,7.0,-0.014463016347829628,-6.398845144388432,-10.04915354240026
26,-51.27927173112466,-40.97355601374814,7.0,-0.014551897789655497,-6.612139590814343,-10.384108530812275
27,-51.42341266706716,-41.013111961758156,7.0,-0.010798857824780269,-6.82542927307345,-10.719065821904913
28,-51.581790432417634,-41.05602870325187,7.0,-0.0107014885731143,-7.038714111763016,-11.054025733289278
29,-51.909488742897544,-41.143091049741,7.0,-0.007325796880087904,-7.251994106883025,-11.388988264965352
30,-52.045717117529506,-41.178681243835946,7.0,-0.0076188492093111695,-7.465269496641792,-11.723953813947071
31,-52.2166574414636,-41.22288887550708,7.0,-0.004001414661558304,-7.678540122233811,-12.058922459637197
32,-52.427486559431536,-41.27679845247383,7.0,-0.004530380252398052,-7.891806063061797,-12.39389444024405
33,-52.614647959906186,-41.32413893825938,7.0,-0.001188932646621998,-8.10506739852858,-12.728869993975994
34,-52.65788571986706,-41.335014640551314,7.0,-0.0011120867213473115,-8.31832420803693,-13.06384920023582
35,-52.83062304942774,-41.378256400616166,7.0,-0.001841800189768619,-8.531576491586831,-13.398832376634616
36,-53.19061214635413,-41.46744208662674,7.0,0.0004287358530542659,-8.744824328581073,-13.733819681977964
37,-53.19795793057693,-41.46925127547762,7.0,0.0005369825546780946,-8.958067639616864,-14.068811195668632
38,-53.38398452481482,-41.51494356014754,7.0,0.0031142019218125686,-9.171306583499788,-14.403807314720508
39,-53.57871315421458,-41.562541799142,7.0,0.0025805159302020914,-9.384541239632592,-14.738808118536376
40,-53.73120810823521,-41.5996933129074,7.0,0.004873258717687356,-9.597771528612531,-15.073813845324612
41,-53.961457910665224,-41.65564069878563,7.0,0.004350333487871762,-9.810997529842355,-15.408824653890726
42,-54.13615393061412,-41.698019528959726,7.0,0.0061197809696430195,-10.024219322724877,-15.743840703040314
43,-54.34397337898833,-41.74841653684866,7.0,0.005592879331906548,-10.237436907260053,-16.07886231038447
44,-54.67547853742447,-41.82887999779363,7.0,0.0063953067789337395,-10.450650362850697,-16.413889634728747
45,-54.928402749131536,-41.890440584177654,7.0,0.007038157265202744,-10.663859689496809,-16.748922755475967
46,-54.9398156323681,-41.8932231294818,7.0,0.007053605816472875,-10.87706496660114,-17.083962069639984
47,-55.17747011380721,-41.951293516977955,7.0,0.006644605492513847,-11.0902662735665,-17.419007577220803
48,-55.30305958778046,-41.982095938458066,7.0,0.0070132387994913895,-11.30346432501788,-17.754058722398995
49,-55.505889085763606,-42.03206545668584,7.0,0.006562994257301507,-11.51666237646928,-18.08911272607727
50,-55.70047712848011,-42.08028542634164,7.0,0.0061427442341455045,-11.72986392164298,-18.4241660151305
51,-55.93924435240432,-42.139858633044035,7.0,0.0056803319416756605,-11.943072454261292,-18.759215492850323
52,-56.290617893782205,-42.22844714944483,7.0,0.004737311168670145,-12.156291547449293,-19.0942577449172
53,-56.56604365378526,-42.298697399852436,7.0,0.003718572976765515,-12.369524615526505,-19.429289357011577
54,-56.82530311364618,-42.36549340327954,7.0,0.0027087427603644672,-12.582775311020807,-19.764307232425093
55,-56.924980248556466,-42.391344108937666,7.0,0.002726445497344628,-12.796047048251737,-20.099307798032623
56,-57.33602915475434,-42.49894855255595,7.0,0.002054056081433053,-13.00934347974712,-20.434287877723023
57,-57.36748314144918,-42.50724713827008,7.0,0.0020834351803481147,-13.222667940423742,-20.769244136579527
58,-57.581026365721044,-42.56379486319976,7.0,0.0011409000404003266,-13.436024162212211,-21.10417323968537
59,-57.81079444871225,-42.62506377471062,7.0,0.0017026240175056857,-13.64941555943208,-21.439071931526595
60,-58.25535623886648,-42.74471273843649,7.0,0.0015642463919518974,-13.862845625805656,-21.77393671838092
61,-58.50796143535141,-42.81325183927688,7.0,0.0006961354957540606,-14.076317934458,-22.108764424137146
62,-58.77602972135832,-42.88637070549062,7.0,-5.318506725155399e-05,-14.289836058514211,-22.443551634475742
63,-59.01665526486204,-42.95229652137936,7.0,0.000538285248217119,-14.503403412293808,-22.778295093882736
64,-59.28406735675982,-43.02582319269786,7.0,-0.00021619590097636735,-14.71702356892189,-23.11299146744137
65,-59.55904495382044,-43.101682035197605,7.0,-0.0009190397746519585,-14.93070010152353,-23.447637499637736
66,-59.645581820360796,-43.12560305378584,7.0,-0.0008403967760571277,-15.144430310404228,-23.78223477852736
67,-59.83297776720127,-43.17747372032735,7.0,-0.0005200789951376883,-15.358153611243084,-24.116833248458697
68,-60.30284807726472,-43.30782938872216,7.0,-0.00175201245728554,-15.571776864579585,-24.451509850725216
69,-60.508766229549245,-43.36504369411811,7.0,-0.0015660080864473146,-15.785206613342018,-24.78634144721764
70,-60.5664448862335,-43.38107687211945,7.0,-0.0014751609851077542,-15.998349479861536,-25.12140513803501
71,-61.02810810947769,-43.50941934818239,7.0,-0.0016195032807743948,-16.211112086469274,-25.45677794387361
72,-61.103466131334045,-43.53036523456922,7.0,-0.0015492730737195716,-16.42340097609352,-25.79253688542973
73,-61.35336785113639,-43.599790278445774,7.0,-0.0013061216972625345,-16.635122691662616,-26.128759062802377
74,-61.578665679804594,-43.662326857588965,7.0,-0.0010596803613214397,-16.846183776104944,-26.465521496687888
75,-61.81907030314915,-43.728973876741385,7.0,-0.000621753818539367,-17.056587484934408,-26.802826092752905
76,-62.0337956503688,-43.788404535296266,7.0,-0.0004837214942317334,-17.26832079330936,-27.139130213794186
77,-62.253797650478454,-43.84920087410352,7.0,0.0001609568997126854,-17.48523298918227,-27.471441566060108
78,-62.52002575016895,-43.92263424202274,7.0,0.00012613568148799975,-17.71124490241016,-27.79671219445048
79,-62.96244993936734,-44.04436407018034,7.0,0.001453451212860035,-17.950277680461117,-28.111893826254093
80,-63.259559704282026,-44.125911549373235,7.0,0.001137596979377176,-18.20526605007152,-28.414767789001544
81,-63.590994103838554,-44.2167296463096,7.0,0.0017421987956719892,-18.46983833518726,-28.710942062812144
82,-63.906610617080084,-44.30313470591712,7.0,0.002407020940802219,-18.732669476150534,-29.01016445052845
83,-64.17661609722813,-44.377023540017476,7.0,0.003176083658293205,-18.992642831670963,-29.31198053004245
84,-64.39721448558315,-44.437410818732445,7.0,0.002853054179397022,-19.264704704575667,-29.59990858697667
85,-65.39608664233337,-44.71162127059622,7.0,0.004781822079050807,-19.55718222317348,-29.86494418731176
86,-65.92206426642511,-44.857042550189476,7.0,0.005403193778182552,-19.86572252708327,-30.112111938944786
87,-66.21777247310277,-44.9392435560991,7.0,0.0060990831971625015,-20.18485738507796,-30.34767028956601
88,-66.46807567282617,-45.00913328214623,7.0,0.006558836455361743,-20.50911864533328,-30.57787792507407
89,-66.53646662836192,-45.02827903543882,7.0,0.006625389162172185,-20.833220226598684,-30.808769059709487
90,-66.72948816884364,-45.082457172864956,7.0,0.006818673413857134,-21.15554699693305,-31.041861715813845
91,-67.19096920479703,-45.212959285679894,7.0,0.00633789759686243,-21.47788583648995,-31.27448795999045
92,-67.42240616788,-45.27897253962305,7.0,0.006320341610048838,-21.8021524167315,-31.50382152969998
93,-67.69273374268818,-45.3566214938729,7.0,0.0055095046443248575,-22.130261376883727,-31.727037591653158
94,-68.00247340175315,-45.446373249502045,7.0,0.004375784611820728,-22.46358360593753,-31.94206484493965
95,-68.20753454977884,-45.50628943651756,7.0,0.004474676747105241,-22.8020113543209,-32.148881771406174
96,-68.49934295877433,-45.592257094205664,7.0,0.0030828590877553896,-23.14518794474757,-32.347811778574325
97,-68.7018730598177,-45.65241286487474,7.0,0.00146148228721583,-23.492756779334123,-32.53917843277121
98,-68.76394323477538,-45.67093172578715,7.0,0.0014225187185070082,-23.84436118079428,-32.723305220921176
99,-68.99469264075806,-45.74010890378409,7.0,0.001955303475440372,-24.19964431303621,-32.90051547114301
100,-69.37009314453299,-45.85376054939162,7.0,0.0007116570745052339,-24.55824965757926,-33.07113282916664
101,-69.60962518122108,-45.92695033730264,7.0,-0.0011900420677784908,-24.9198204577344,-33.23548078191637
102,-69.90510235183241,-46.01791692900952,7.0,-0.0029462039749834465,-25.28400003621537,-33.39388265751105
103,-70.07778496487549,-46.071385442499476,7.0,-0.002533990082456538,-25.650458156861557,-33.546663927944486
104,-70.35789646864876,-46.158530008293454,7.0,-0.004469148457723007,-26.01899377183485,-33.69415903772462
105,-70.64240733710488,-46.24744532947426,7.0,-0.006534266192225386,-26.38944521707587,-33.83670521045667
106,-70.8813897020082,-46.32236045647508,6.858859523454125,-0.006214079173598552,-26.761650907927976,-33.97463966974588
107,-70.89943993456271,-46.32802444003421,6.741740694180016,-0.006292917400392764,-27.135449180331783,-34.10829963919749
108,-71.29470532787165,-46.45213389294742,6.498249078319889,-0.00987381074609214,-27.510678370227925,-34.23802242181949
109,-71.50624670584767,-46.51850662583644,6.255650474038328,-0.0187168129283654,-27.887176892959737,-34.36414516181434
110,-71.71570164001115,-46.584082024807586,6.080938068013177,-0.03158742166935507,-28.264783163870646,-34.48700516219006
111,-71.72526055736597,-46.58706874551456,5.946407241504772,-0.033020897421664315,-28.64333551890125,-34.60693964655185
112,-71.8963305267603,-46.64038934851548,5.707883390899132,-0.03429112556318894,-29.022676740547784,-34.724284726866046
113,-72.04384319443261,-46.68606881040293,5.41353222820454,-0.03529453381427642,-29.40269034493253,-34.83936674855706
114,-72.26299453943211,-46.75313944830161,5.214760049720532,-0.05112023339212023,-29.78328152513653,-34.952506816465856
115,-72.4326707810744,-46.80410399716125,4.93216751095511,-0.05187074804426675,-30.164355712449243,-35.06402595603061
116,-72.8149286330058,-46.91408622094291,4.539371327230191,-0.06584915558632069,-30.545818417562835,-35.17424511328671
117,-73.04454257668368,-46.97460156613369,4.22121363906169,-0.09294614784206295,-30.92757507176673,-35.28348539307512
118,-73.08774385533795,-46.98536845304543,3.95575970375689,-0.09834125633400997,-31.30953102694757,-35.39206774143124
119,-73.37741271503121,-47.05087339468383,3.787918009072419,-0.12156863960849774,-31.69159171439483,-35.50031326319604
120,-73.39825394619893,-47.05502126950887,3.6496368800971255,-0.125317236138969,-32.07366264480062,-35.60854282500212
121,-73.65771169884705,-47.09764510110729,3.8453190858756265,-0.12117226079928341,-32.455663938968684,-35.71702750793925
122,-73.79940243891906,-47.11135968936591,3.8856122997804414,-0.07761771139055221,-32.83758622737096,-35.825796611633145
123,-74.01482959138812,-47.11289828701018,4.200124897274534,-0.07159261079521904,-33.219441658632775,-35.93480686156887
124,-74.05041658793802,-47.11074901252487,4.40453719921654,-0.06025888836718109,-33.60124230197661,-36.04401522143987
125,-74.17565024236764,-47.09806938945152,4.462833888294225,-0.04090649772958589,-33.98300006781942,-36.15337833732841
126,-74.28839115956991,-47.08039569996808,4.421995321757291,-0.029649165983627563,-34.36472702538373,-36.26285309352517
127,-74.44561779212783,-47.047122880320686,4.565543407523941,-0.06831610548607586,-34.746435243892044,-36.37239621551522
128,-74.5436457535033,-47.021901700368225,4.596648150884362,-0.07112777046429525,-35.128136713164075,-36.4819645875892
129,-74.64332916722167,-46.99330845434513,4.544117826248856,-0.07440395318528936,-35.50984342301957,-36.59151485582942
130,-74.77753837438958,-46.95081067732594,4.739430289185683,-0.1378967661654252,-35.89156752208381,-36.70100390452652
131,-74.8703974329595,-46.9188794029517,4.81155702832587,-0.14566331508805938,-36.27332100017654,-36.81038845916558
132,-74.99499390388056,-46.87308218073999,5.149759641905152,-0.20963429981201023,-36.65511576771466,-36.91962540403725
133,-75.10023280755027,-46.831925452773966,5.317942276339418,-0.21295739500856267,-37.036964052726304,-37.02867138522382
134,-75.25109276127868,-46.76859337351289,5.669534444988167,-0.2474114580113387,-37.41887768622561,-37.137483366418735
135,-75.47293088856956,-46.664698901240165,5.761484619213976,-0.24078901600274902,-37.80086889624064,-37.24601807310706
136,-75.49733056538646,-46.6523339424694,5.810221301111884,-0.23741477180474335,-38.18294951378557,-37.354232230773896
137,-75.73239374951916,-46.522101887659375,5.97175026197511,-0.24181497009950492,-38.56513168748568,-37.46208264430707
138,-75.8759485713745,-46.43117417006376,5.97490186715035,-0.22758220088573783,-38.94742748656351,-37.56952619799726
139,-75.96871545036733,-46.36700706131489,6.2409891624592335,-0.22269803358957962,-39.329848265616505,-37.67652136419071
140,-76.14436901511844,-46.232284664598446,6.283488924597435,-0.20310933710032134,-39.71239600971419,-37.78306163185944
141,-76.15295738891375,-46.22521791192552,6.3069724127969335,-0.20066406581977664,-40.09506365200917,-37.88917145705963
142,-76.29065567392108,-46.105033448487404,6.36889555584733,-0.1830017206952269,-40.47784412565406,-37.99487632808354
143,-76.36365202803118,-46.035646914594466,6.343676447502009,-0.176414701661745,-40.86073012559312,-38.10020181262622
144,-76.53401833287647,-45.856740006462736,6.409804471324669,-0.15197577706682708,-41.24371450557618,-38.20517339897994
145,-76.67647211609042,-45.686117409321255,6.2985857887598256,-0.14499417660360128,-41.6267899605475,-38.309816813645305
146,-76.78814870378903,-45.53687627205014,6.083238023290561,-0.14380034287526347,-42.00994942365972,-38.41415738610903
147,-76.81231190755676,-45.50259522691102,6.294541002542279,-0.10893885627555705,-42.39318558985709,-38.51822084287175
148,-76.9729582325239,-45.254285931425045,6.2317395962586835,-0.10537862689707958,-42.77649131288943,-38.62203259282293
149,-77.01506556830783,-45.18244780200361,6.124470955993692,-0.10497440431049067,-43.15985936710382,-38.7256182830604
150,-77.20229583692036,-44.8210940805359,6.061549111566507,-0.05770341071323976,-43.543282526847314,-38.82900340187644
151,-77.27415369941015,-44.6603914945302,6.2584532917654485,-0.0005892479832855967,-43.92675356646693,-38.93221351696611
152,-77.36752950031745,-44.426842598203265,6.584279761611621,0.05778144570543659,-44.31026533971248,-39.03527419602446
153,-77.44623764241578,-44.20399045575307,6.656110950046452,0.05990981733208345,-44.69381062093108,-39.13821092734375
154,-77.54777312336941,-43.877101281863574,6.813528168207663,0.11409491005121476,-45.07738210506697,-39.24104935802181
155,-77.61636746785666,-43.63228950591525,6.98280613250528,0.16447861646139886,-45.46097280467554,-39.34381497635092
156,-77.67748302242622,-43.40240418724802,7.0,0.20155268134702564,-45.8445752558955,-39.44653327062336
157,-77.67951326272951,-43.394664655521,7.0,0.20343605804090106,-46.228182471282224,-39.54922988793694
158,-77.78918440079667,-42.984208393884764,7.0,0.211736455298701,-46.61178889264117,-39.65192404376435
159,-77.88001342333283,-42.67620315760377,7.0,0.2024583394241171,-46.99539380534729,-39.754618834814
160,-77.9252441908645,-42.53687287965833,7.0,0.19218357294970542,-47.37899728880338,-39.85731457869702
161,-78.04107313600691,-42.22051649541755,7.0,0.16543970753306417,-47.762599104801104,-39.96001175183007
162,-78.12289374981695,-42.02735553164675,7.0,0.1522023354244604,-48.1461994915488,-40.0627109100326
163,-78.26437831581052,-41.7377286605354,7.0,0.11865847983050547,-48.5297982108381,-40.16541245031852
164,-78.39316420360768,-41.51266450136602,7.0,0.11346121845873659,-48.91339534207183,-40.26811676970173
165,-78.52457881258454,-41.31042327721921,7.0,0.08005492410477551,-49.29699088524995,-40.37082434459891
166,-78.654278192211,-41.13184926932682,7.0,0.048375599741783376,-49.68058484037246,-40.47353565142674
167,-78.76771184095418,-40.9892992572748,7.0,0.048592168343030415,-50.06417704863386,-40.5762510871991
168,-78.92651465145697,-40.806917258441715,7.0,0.02203125815422812,-50.44776758943687,-40.67897104892991
169,-78.95718721736641,-40.77365276154141,7.0,0.021875611553591516,-50.83135654218427,-40.781696092438615
170,-79.08612837565727,-40.63974318409504,7.0,0.031138373723068175,-51.21494366866775,-40.8844266941419
171,-79.41335391262794,-40.334144902349536,7.0,0.02520724282250861,-51.59852912769287,-40.98716317165087
172,-79.60682570703702,-40.17113220548395,7.0,0.006938039986035075,-51.98211276045404,-41.08990600138223
173,-79.79536259383389,-40.021797857212476,7.0,-0.009162170250127817,-52.36569464635405,-41.192655659752624
174,-80.08129256638412,-39.808865886637825,7.0,-0.017976977391401274,-52.74927478539293,-41.29541262317875
175,-80.10342806037727,-39.79293024440519,7.0,-0.017242592905711666,-53.13285309816786,-41.39817720927172
176,-80.41238208033877,-39.576675114523574,7.0,-0.02320599575419618,-53.51642950527611,-41.5009500532538
177,-80.46856076306834,-39.538350971600394,7.0,-0.02037327487646163,-53.90000416552317,-41.60373147273606
178,-80.87182752467714,-39.2691995247402,7.0,-0.01909054102614699,-54.28357692010354,-41.70652194413521
179,-81.02561413248554,-39.16832361728805,7.0,-0.009243033011886599,-54.66714776901718,-41.809321864465126
180,-81.14147871101275,-39.09261127830699,7.0,-0.02448021542373628,-55.050716712264126,-41.9121317895453
181,-81.33701866347836,-38.96501406833181,7.0,-0.015808824458343702,-55.43428367044156,-42.014952036986834
182,-81.72849753420056,-38.708559237948194,7.0,-0.019886532007471463,-55.81784872295231,-42.11778316260915
183,-81.73841425515688,-38.702019206312336,7.0,-0.019808748202784884,-56.2014118697963,-42.22062556342622
184,-81.95882297579851,-38.55582154198159,7.0,-0.031177780404609303,-56.58497295216807,-42.32347971585464
185,-82.22933927582918,-38.37391910840089,7.0,-0.04079428439426839,-56.96853204947031,-42.42634593750559
186,-82.3242899875977,-38.30927992439085,7.0,-0.04099086298463882,-57.35208908230032,-42.52922486360128
187,-82.70620325235863,-38.04442231397718,7.0,-0.05000376471364013,-57.735644130060805,-42.63211681175285
188,-82.92264069160419,-37.89011225005003,7.0,-0.05511430804878656,-58.11919703394626,-42.73502233777971
189,-83.12032047243189,-37.746079326704766,7.0,-0.055470551130804784,-58.502747873359446,-42.837941759293045
190,-83.28249215703559,-37.62538101984024,7.0,-0.056734216513081345,-58.88629664830032,-42.940875552709485
191,-83.46779269667365,-37.48428093807892,7.0,-0.051115394765242225,-59.269843279366185,-43.0438242738485
192,-83.62843339109808,-37.35891722072275,7.0,-0.052030449447692896,-59.65338776655699,-43.14678824032121
193,-83.89384468944546,-37.14479469582415,7.0,-0.04134119738378663,-60.036930109872735,-43.24976792854429
194,-84.0778571781631,-36.990636667293614,7.0,-0.025836671656983248,-60.42046911827175,-43.35276746746229
195,-84.27093021831662,-36.82322086975214,7.0,-0.026932420025357225,-60.80399446939265,-43.4558220325066
196,-84.5004482228533,-36.61617648025129,7.0,-0.009016633882952133,-61.18749115611008,-43.55898260026176
197,-84.70223389940656,-36.42653548630446,7.0,0.010673540185924568,-61.57094393309039,-43.66230030611786
198,-84.91981651260743,-36.21364609175733,7.0,0.029950778536037306,-61.95433779320817,-43.76582612665948
199,-85.1300908549905,-35.999878922424486,7.0,0.025208771726530684,-62.337657570532514,-43.86961119727669
200,-85.39297906609607,-35.72274985461557,7.0,0.039093340175471746,-62.7208881785353,-43.9737066533596
201,-85.58247326606917,-35.51759785323852,7.0,0.054442830249520166,-63.10401453068839,-44.07816347149277
202,-85.7825209811972,-35.297305708256495,7.0,0.06610357226185266,-63.48702146106088,-44.18303286646905
203,-85.95793422780169,-35.10251933932793,6.970784998753118,0.06091681861202185,-63.86989388312462,-44.28836573547024
204,-86.01171862863784,-35.042744636488756,7.0,0.07320694451421221,-64.25261663094868,-44.39421337269197
205,-86.34209668940252,-34.678310861610925,7.0,0.07257906954566203,-64.63517469740773,-44.50062667531605
206,-86.43499760017232,-34.57751569694606,6.976521659093908,0.06870959285786785,-65.01755291657084,-44.60765677873252
207,-86.60954105458787,-34.39131087434613,7.0,0.06925206688352276,-65.39973620190987,-44.71535481833154
208,-86.78313855940957,-34.2110964355011,6.9200724201943284,0.06252973597160393,-65.78170930809112,-44.82377192950319
209,-86.95654806043295,-34.03678863731434,6.987554901609696,0.061349112189503854,-66.16345730739206,-44.932959009429226
210,-87.26153670701633,-33.74560926167477,6.973302927024446,0.059045165224259975,-66.54496503388171,-45.04296727290255
211,-87.53411648744759,-33.50280693096892,6.9426197632735,0.06425827718730802,-66.92621732162918,-45.153847775910464
212,-87.74180646476913,-33.32939694868476,6.9732944723055255,0.07518072759991,-67.30719956052305,-45.26565006578749
213,-87.96704889674884,-33.152097558665474,6.922963223540277,0.07660197073012977,-67.68791969084123,-45.37835127453309
214,-88.19111848053737,-32.98628229253224,7.0,0.08853445347600176,-68.06841796979303,-45.49182356367199
215,-88.43820854966937,-32.815543807980355,7.0,0.09730585184510954,-68.44873743368503,-45.60593107504819
216,-88.69293009698147,-32.65212592107129,7.0,0.10098935225833083,-68.82892096001824,-45.72053810931126
217,-88.71689971146846,-32.63736755289815,7.0,0.1014492604218767,-69.20901142629369,-45.8355088083052
218,-89.08512370055149,-32.4247219460976,7.0,0.09964337444518528,-69.58905186881795,-45.9507072344712
219,-89.33564632976798,-32.2945063664987,7.0,0.10343017302144526,-69.96908508568926,-46.06599768845884
220,-89.61811205320919,-32.161342823611804,7.0,0.09267381390982843,-70.34915403381143,-46.1812443121121
221,-89.94338420529425,-32.02533996130256,7.0,0.07818303175449512,-70.72930159068547,-46.29631124727498
222,-90.29095135932693,-31.90092896144552,7.0,0.06033317278350612,-71.10957071321515,-46.41106263579147
223,-90.56709589928451,-31.816650336438205,7.0,0.041311390642805465,-71.4900043583043,-46.52536277831116
224,-90.65521386016205,-31.792453639510512,7.0,0.04005528782099516,-71.87064540345393,-46.63907573727521
225,-91.0783424416606,-31.693201580183484,7.0,0.022809465794857816,-72.25153672616509,-46.752065654527655
226,-91.40860251451878,-31.63426460035259,7.0,0.007740696966464143,-72.6327212833415,-46.86419683071806
227,-91.84556361251911,-31.578796452669874,7.0,-0.001793477609596197,-73.01424203188701,-46.97533340769039
228,-92.18822680106915,-31.551142756465282,7.0,-0.009766448464915593,-73.39614176989987,-47.085339447885865
229,-92.34989890904282,-31.542297634835833,7.0,-0.004689522432888242,-73.77846353368665,-47.19407917255129
230,-92.64764339389988,-31.53200057237544,7.0,-0.008456323161302137,-74.16122121873379,-47.30089401503211
231,-92.75894540665429,-31.529902258108685,7.0,-0.0038444985096648455,-74.54302932593887,-47.379923442825365
232,-93.17869464453796,-31.529071354489737,7.0,0.0020053108118584673,-74.9205106168746,-47.3694310007151
233,-93.46236642828207,-31.533560801017792,7.0,0.004898036133608105,-75.2868238274479,-47.22289301204104
234,-93.64461425942721,-31.53806024189644,7.0,0.011978169271000238,-75.62057975448423,-46.97265284925174
235,-93.84433946846825,-31.54413414321882,7.0,0.013615817303337123,-75.89759739307605,-46.67109903711896
236,-94.04468484629572,-31.551193903466988,7.0,0.019188972716115915,-76.11357700330181,-46.34407781564533
237,-94.33149192364534,-31.562620028818735,7.0,0.02400808884650757,-76.28056239878087,-45.99561593799591
238,-94.59111498468275,-31.574025165371545,7.0,0.029414139861570477,-76.41108246471349,-45.62909254826484
239,-94.93444223601739,-31.59048623581335,7.0,0.03255590100282412,-76.51766783316106,-45.24789306336582
240,-95.25530311799926,-31.60730179381502,7.0,0.03632144111960582,-76.61331364244612,-44.85703955030704
241,-95.52107672952516,-31.622503228418896,7.0,0.039361521332228824,-76.71210014927796,-44.465377161131805
242,-95.87134010670896,-31.64473785429343,7.0,0.04070327165708605,-76.82826204877239,-44.08229622736867
243,-96.1763527095324,-31.666675720301697,6.991078496183034,0.03875963615488724,-76.97603435365633,-43.71718692174063
244,-96.48113927296009,-31.691601835690875,7.0,0.03685813047103881,-77.16938560092811,-43.37930157374515
245,-96.82212335092682,-31.72368557839868,7.0,0.035163671210155865,-77.411002621846,-43.07204306890745
246,-97.09300808839913,-31.752666582909185,7.0,0.03816165676877005,-77.68835303748739,-42.79092387973213
247,-97.39155913233127,-31.78890851730164,7.0,0.04445984092699542,-77.987540726189,-42.52928044554704
248,-97.54512539940565,-31.80938631502479,6.996057458175384,0.04318883904158003,-78.29349972513468,-42.27387664059346
249,-97.94102804207832,-31.86834753079506,7.0,0.05123528882002192,-78.59362206395569,-42.012490789025605
250,-98.52293055753337,-31.97249103369596,7.0,0.061800262876243336,-78.88647396665964,-41.74378265132554
251,-98.82534823538553,-32.03538824645519,7.0,0.07151244420153131,-79.17345363679357,-41.46917028173527
252,-98.93564898126532,-32.059990404727856,7.0,0.07399726880727617,-79.45595943671013,-41.19007165509405
253,-99.432881410696,-32.182385671627074,7.0,0.07903216675803405,-79.73538949055369,-40.90790482564384
254,-99.62468676625697,-32.23515698963604,7.0,0.08133381998755582,-80.01314224007962,-40.62408768882112
255,-99.94822268458083,-32.331848371152205,7.0,0.07726005752780846,-80.29061588883505,-40.340038378270656
256,-100.04891967500127,-32.36406016561432,7.0,0.0781450406338662,-80.56920879917261,-40.05717471002613
257,-100.45092647201776,-32.503483932423855,7.0,0.0700436117832733,-80.85031925404219,-39.776914817732326
258,-100.5275342223384,-32.53222222212066,7.0,0.057358347082628325,-81.13514480616664,-39.50047165825137
259,-100.98694222362865,-32.720348532308385,7.0,0.04168296234345568,-81.42338944198336,-39.22753214642305
260,-100.99922223641035,-32.7257781972072,7.0,0.04073288098752183,-81.7140833359416,-38.95709461618193
261,-101.43785994253322,-32.93417284280477,7.0,0.02662883707939941,-82.00625340697655,-38.68815430475413
262,-101.6531629400009,-33.04701272959096,7.0,0.013728382098936003,-82.29892649462067,-38.419706369963016
263,-101.88652696451916,-33.17742786704211,7.0,0.016739803760354867,-82.59112951780921,-38.15074581082641
264,-102.1095570740088,-33.30990368316063,7.0,0.007022349421159342,-82.88188939547733,-37.88026778516766
265,-102.35304006046596,-33.46296665178939,7.0,0.00024287583979248402,-83.17023288775475,-37.60726737140733
266,-102.59209752540318,-33.62149506146916,7.0,0.007833495535829451,-83.45518707238226,-37.33073988617439
267,-102.81266118587406,-33.77443531804521,7.0,0.004046643178598856,-83.73628109087643,-37.05021193009642
268,-103.04496013126058,-33.941698379741915,7.0,0.004874139177885022,-84.01505432492661,-36.767337066059966
269,-103.20886965943762,-34.06316998750675,7.0,0.010613730658813018,-84.29354821999793,-36.48430061736689
270,-103.4450857744836,-34.24251143256359,7.0,0.015442402008068042,-84.57380445976386,-36.20328782791631
271,-103.72723804841625,-34.462385484119174,7.0,0.024634343199518387,-84.8578613135784,-35.92648005087116
272,-103.91259567963645,-34.60964158470681,6.999032943335543,0.03099985265588926,-85.14705378037598,-35.65528914705657
273,-104.20509119760167,-34.845955357239085,7.0,0.040586842883251574,-85.44115302134564,-35.38941465635435
274,-104.5003234232563,-35.08910079008788,7.0,0.047789995644564535,-85.73971962150469,-35.12832545357132
275,-104.64589833135051,-35.210760649630934,7.0,0.04881856473214687,-86.04231400706499,-34.87149033411153
276,-104.91474905637625,-35.43898289392755,7.0,0.04810252202473889,-86.34856933718437,-34.61851315750723
277,-105.15178952472075,-35.64478159073939,7.0,0.04732849403685478,-86.65865188128356,-34.369985871480814
278,-105.32706611027614,-35.80023158268234,7.0,0.04180314283485071,-86.97296484667764,-34.12694007694567
279,-105.60301085200119,-36.05177177683367,7.0,0.03528001688342612,-87.29191255232067,-33.890409518690234
280,-105.82752478139209,-36.26364133198137,7.0,0.031579546539336756,-87.61589923776391,-33.661427623891825
281,-106.02328016298634,-36.454536142123764,6.9530529687131,0.028755673953897946,-87.94484748529719,-33.440015196078726
282,-106.25077572454842,-36.684190733848226,6.988156888066695,0.02812608583144424,-88.2767773866096,-33.22219510882313
283,-106.41275388744415,-36.85363260021094,7.0,0.028164861085652502,-88.60988864247783,-33.00453946472422
284,-106.6227229878242,-37.08110920825913,7.0,0.02796928803945478,-88.95189348608504,-32.80613994752702
285,-106.6306281911645,-37.089857415493846,7.0,0.02795838426157965,-89.31657219043896,-32.66044767785914
286,-106.9101699845633,-37.40828993743242,7.0,0.028978209987288894,-89.70125054932335,-32.561877146587975
287,-106.93347351751899,-37.43565350399328,7.0,0.029264310303510913,-90.09082496300456,-32.47535487549179
288,-107.22006045109707,-37.78257782030037,7.0,0.031730330702031045,-90.47570429032427,-32.37866182294576
289,-107.42338802558756,-38.041120758230484,7.0,0.03496803833989728,-90.8588766166868,-32.27893971316114
290,-107.62102393370391,-38.30254303932785,7.0,0.040911387653674594,-91.24448557614885,-32.186151292305055
291,-107.82380366512014,-38.58151957381418,6.973156442573816,0.04499663408695503,-91.63320021653186,-32.10303897358152
292,-107.83367074647607,-38.59537878067554,6.956262337430289,0.04559200638382868,-92.02418228269094,-32.02921257173123
293,-108.1344254894215,-39.03153791169082,7.0,0.056780663296518624,-92.4165871672588,-31.964268958841885
294,-108.28527926735613,-39.26147282899947,7.0,0.06002869940723268,-92.80958392014628,-31.90780595983449
295,-108.38914870747898,-39.424709634544826,7.0,0.060756621168508655,-93.20282285151173,-31.859450222839023
296,-108.54173483988203,-39.67281600666158,7.0,0.06043093944630079,-93.59655876487508,-31.81886436544476
297,-108.73951499564618,-40.01181622672754,7.0,0.057698105579882114,-93.99108465649331,-31.78571370493533
298,-108.86943758738327,-40.24720078902988,7.0,0.057310992573768114,-94.38669360202611,-31.759663082177862
299,-109.01260513312955,-40.52078349931263,7.0,0.05277893907802345,-94.7836310354655,-31.740499141903356
300,-109.16261115229871,-40.82666190884975,7.0,0.048428993458138045,-95.181470802093,-31.729721961425223
301,-109.18229572064777,-40.868492929118744,7.0,0.04820244421713233,-95.57928944758108,-31.730100236267543
302,-109.37009374988246,-41.290849846845425,7.0,0.04515000511282497,-95.97615192479644,-31.74443212038565
303,-109.4924510170156,-41.59369945081203,7.0,0.04135787738061583,-96.37112644211976,-31.77550218985954
304,-109.52648899181274,-41.682615017918906,7.0,0.0421748167938079,-96.76383798022268,-31.823677523739587
305,-109.61067196526709,-41.91257034409805,7.0,0.03784372888752729,-97.15510017938844,-31.88416767292595
306,-109.69995912292758,-42.173853818881106,7.0,0.04187851975616074,-97.5458792126399,-31.95151949271972
307,-109.8419769131981,-42.63817035716963,7.0,0.034241132964091335,-97.9371411735973,-32.02027983842191
308,-109.90666179871731,-42.874599980409464,7.0,0.03769215880233791,-98.3297461531699,-32.085367964370235
309,-109.98038627445004,-43.168734030127304,7.0,0.035404210510570695,-98.72084589424844,-32.15471454079467
310,-110.03648225813484,-43.41423936731283,7.0,0.03343076741849925,-99.10300305607296,-32.25235137477979
311,-110.11265949408248,-43.78665463269231,7.0,0.03388229876326253,-99.471278944554,-32.394253511566
312,-110.1672922557739,-44.09057036326121,7.0,0.0383781128846882,-99.83124850825445,-32.56218673802587
313,-110.21544771447148,-44.394273500318306,7.0,0.0384739343321036,-100.18945191592684,-32.73468919744148
314,-110.24856408866401,-44.629599107273066,7.0,0.03856760747694862,-100.54675219638334,-32.9084437592896
315,-110.27482759363899,-44.8377585442482,7.0,0.0411694438941061,-100.90268428754348,-33.08437721281446
316,-110.29689921999234,-45.0328398188513,7.0,0.04090025240921623,-101.25678328613232,-33.263416426663056
317,-110.33050334266385,-45.38332780370265,7.0,0.042414812878385035,-101.60858413006932,-33.44648819007964
318,-110.35084493641625,-45.648407554711795,7.0,0.04477094810165886,-101.9576219954824,-33.63451929230843
319,-110.35616507353494,-45.72925877275264,7.0,0.04607632730310678,-102.3034317408883,-33.828436522593655
320,-110.36932759580932,-45.96360738365187,7.0,0.04510739544967376,-102.64554846301203,-34.02916667017954
321,-110.37960214428186,-46.21604728466163,7.0,0.04479083124562572,-102.98350725857873,-34.23763668311589
322,-110.38780605364197,-46.69500664204525,7.0,0.04487991265908776,-103.31716440855716,-34.45412931470106
323,-110.38562721458145,-46.9712040259479,7.0,0.044171486841886154,-103.64856929869045,-34.674532374379105
324,-110.37855099520041,-47.2409373306881,7.0,0.045191432932613206,-103.9805134131004,-34.893157844028806
325,-110.378124843797,-47.25276373520337,7.0,0.045360701094495706,-104.30994093581172,-35.11305359934758
326,-110.34751562418323,-47.8040710322153,7.0,0.04314284672280027,-104.62669013729142,-35.347886208562684
327,-110.32406670337234,-48.08044601624246,7.0,0.0448825242838698,-104.923471286547,-35.607690674370765
328,-110.27999654557512,-48.48490401145611,7.0,0.045260417098182716,-105.20515598231906,-35.88676039840021
329,-110.23290652983047,-48.82878429830599,7.0,0.04510964255890279,-105.47941651819262,-36.17576372777663
330,-110.18067329821456,-49.15142025750823,7.0,0.04422727925151866,-105.75392534655822,-36.46536900962569
331,-110.12226051360776,-49.46551334642891,7.0,0.04293306179242869,-106.03565792220644,-36.74700018792427
332,-110.08199555581909,-49.66145265131028,7.0,0.044891292305839575,-106.32225137722008,-37.02220680791754
333,-110.052390393288,-49.79716259845501,7.0,0.04158622693844044,-106.6046735660097,-37.2997697053973
334,-110.00144548497799,-50.01675718925234,7.0,0.0433625570223005,-106.87374846514902,-37.58862582202024
335,-109.90179676485769,-50.40556433072472,7.0,0.04214798911749119,-107.12035499793537,-37.8976589789834
336,-109.83707327009733,-50.63550578256435,7.0,0.03845814301199223,-107.34345894316364,-38.22793912874275
337,-109.75626081207021,-50.90322267173454,7.0,0.042403306470000415,-107.55856488460478,-38.56455522330531
338,-109.67718112510039,-51.14793796832252,7.0,0.037604458031393596,-107.7808406588412,-38.89314861981627
339,-109.59330262867698,-51.39203871832998,7.0,0.03222822423089954,-108.00969924112276,-39.2160998930127
340,-109.5882916406985,-51.40617123963674,7.0,0.032077323090169536,-108.23705322013252,-39.54236893195458
341,-109.45180228838186,-51.77406208063806,7.0,0.027417663957221353,-108.44782083190118,-39.87908150089444
342,-109.43509995901692,-51.817075866175145,7.0,0.02771453341273099,-108.6247079128098,-40.232353598935845
343,-109.34797752983921,-52.03517460583254,7.0,0.03274578628905608,-108.77101333074224,-40.600230567851845
344,-109.15878399096266,-52.478088035522944,7.0,0.01689184815850947,-108.91453186991404,-40.97116406736818
345,-109.13412909516445,-52.533148506132584,7.0,0.01688835051694029,-109.07480574544208,-41.33659852737896
346,-108.93517787449375,-52.958673924376185,7.0,0.011959616156721512,-109.23643574104392,-41.70079938580487
347,-108.79113319738487,-53.24945074870345,7.0,0.004172830601427888,-109.37764310350808,-42.07050460372263
348,-108.69323047634768,-53.44011209649923,7.0,0.008253129545644229,-109.49628316375583,-42.446970491912
349,-108.6040915544156,-53.60961889956967,7.0,-0.001674789577775854,-109.60345047517556,-42.827706105772215
350,-108.4980075525498,-53.80693798128324,7.0,0.0030464989338122215,-109.70344096635546,-43.2114494175233
351,-108.37703624251738,-54.026804560302715,7.0,-0.005102303641927097,-109.7956032962939,-43.59785256358753
352,-108.24914006157812,-54.254399164628374,7.0,-0.011989731182822759,-109.87918512365356,-43.98658657824878
353,-108.24266149951504,-54.26580843258154,7.0,-0.012158317252149563,-109.95343402769444,-44.37732217817978
354,-108.11580574333432,-54.48724512487985,7.0,-0.007021177805122357,-110.01759766707916,-44.769730318261615
355,-108.04480222425055,-54.60976344611769,7.0,-0.01519151876476362,-110.07092362106764,-45.163481715167
356,-107.80477681516044,-55.01878414118493,7.0,-0.015877593391673314,-110.1126594689198,-45.558247403179806
357,-107.79884988617391,-55.028806349022425,7.0,-0.015705583059605698,-110.14205278989552,-45.95369817837556
358,-107.67263384551919,-55.24165592642601,7.0,-0.019113829861742624,-110.15837188738026,-46.34950825114928
359,-107.4686992489404,-55.58465018503671,7.0,-0.019277755911341753,-110.16152346310788,-46.74545696117629
360,-107.33187057992164,-55.81517263565236,7.0,-0.015565010808548182,-110.15216155777443,-47.1414466430376
361,-107.17885712747278,-56.074303039017266,7.0,-0.016330514043514575,-110.13098261316044,-47.53738661875886
362,-107.10791390737323,-56.19513125833278,7.0,-0.014950986011047433,-110.09868291224068,-47.93318605156011
363,-106.94358128693504,-56.47728544431152,7.0,-0.015538816071722592,-110.0559052205166,-48.32871241820208
364,-106.80714511019333,-56.71446109278727,7.0,-0.01586647517299422,-110.00260999540384,-48.723300641002346
365,-106.67894109699525,-56.94012471959984,7.0,-0.015257356851921132,-109.93828850329317,-49.11591959546418
366,-106.58852697901455,-57.10110274568916,7.0,-0.015221900836598695,-109.86242272045004,-49.50553085203516
367,-106.55988540243568,-57.15243648096015,7.0,-0.015192085261156356,-109.77450010193172,-49.8911039214408
368,-106.45815939601897,-57.336122840776156,7.0,-0.014611151408095617,-109.67472884182644,-50.27263030758368
369,-106.34726217394034,-57.53894708932502,7.0,-0.014803617215209815,-109.56474114367307,-50.65212112406711
370,-106.12535431457543,-57.95339994234695,7.0,-0.014617479249479471,-109.44600683232588,-51.03132704337711
371,-106.0404581097916,-58.115233527551965,7.0,-0.01255475816691274,-109.31787853692232,-51.408804602382176
372,-105.89187085352883,-58.40308240250908,7.0,-0.010761230303505488,-109.17892597519224,-51.78190508315832
373,-105.88823623053057,-58.410198666165,7.0,-0.010683516230981467,-109.02933876097352,-52.14970264929465
374,-105.68916326535889,-58.80556593832884,7.0,-0.008842483752144359,-108.87117795221792,-52.51326320370535
375,-105.57458887547195,-59.03824472098953,7.0,-0.01031737074700628,-108.70660878332404,-52.87376333677952
376,-105.28453770999646,-59.64375376320606,7.0,-0.0055780543115487875,-108.53779625048216,-53.23237971830893
377,-105.01494023483802,-60.228845183617,6.945692712010931,-0.005603429753754762,-108.36654700513796,-53.59008225324723
378,-104.76442306269364,-60.79148422253873,6.608826159158985,-0.011362106933882461,-108.19342020166587,-53.94712264840589
379,-104.41372637655017,-61.607601053683624,6.14698806060688,-0.07227858933974418,-108.0187042309616,-54.30359642532889
380,-104.25119367801716,-61.99642267869101,5.873459240477746,-0.11426892169058495,-107.84268740451812,-54.65959934376848
381,-103.95728880302347,-62.72575293622141,5.742320877964389,-0.20022859489762654,-107.66565811323107,-55.01522684586582
382,-103.85672074409509,-62.99458619915105,5.455681982954234,-0.21415709130091254,-107.48790450978802,-55.37057461197039
383,-103.78745286095283,-63.193876380737535,5.408380546694425,-0.25112824536150935,-107.3097150644874,-55.72573816362618
384,-103.75178855088089,-63.303114651028736,5.303076410034833,-0.2538853481680768,-107.13137800941932,-56.080813260585394
385,-103.69583322749362,-63.49253367685391,5.559161473635119,-0.27081902983738004,-106.95318173547965,-56.435895344989234
386,-103.61280908846189,-63.884686378668796,6.0379199909608525,-0.22781494025353852,-106.775394465258,-56.79107723868711
387,-103.58796486138996,-64.20456032938147,6.2209234759851295,-0.16339173870065882,-106.5981570592855,-57.146434056708586
388,-103.60052088108559,-64.45836389267393,6.609921172102493,-0.15151064219067445,-106.42156106896714,-57.50203400604137
389,-103.63126527275728,-64.66080765051063,6.786318402046257,-0.13034729329799935,-106.24569764869396,-57.85794513486767
390,-103.64265753229937,-64.71519694380407,7.0,-0.1443127572555764,-106.07065811166254,-58.214235650175205
391,-103.77259055854641,-65.13357355663953,7.0,-0.1534422703325938,-105.89653361226397,-58.57097367954891
392,-103.85954175780093,-65.33249373302884,7.0,-0.1674458609512624,-105.72341546369483,-58.92822735057376
393,-103.93909025476307,-65.48971619407192,7.0,-0.18362777420981913,-105.5513949791518,-59.286064949640256
394,-104.07065765000708,-65.7180176217537,7.0,-0.1974510318893045,-105.38056331302587,-59.64455444552778
395,-104.11155995750444,-65.7830526277979,7.0,-0.20402460951865642,-105.2110035206246,-60.00375419927938
396,-104.32326041806246,-66.08797171127159,7.0,-0.20931810548058347,-105.04269606886412,-60.36360100628247
397,-104.474649523219,-66.28006039048728,7.0,-0.22090771865440345,-104.87555290006192,-60.72395003586693
398,-104.63940919472202,-66.46958920094073,7.0,-0.19785389249862104,-104.70948460668797,-61.08465486930706
399,-104.66374018089385,-66.49603120540654,7.0,-0.19706526320451473,-104.54440170180966,-61.445569167279935
400,-104.96016874430045,-66.78972365512494,7.0,-0.1625815535312901,-104.37982316338775,-61.80650331594774
401,-105.10847524078586,-66.91843459337043,7.0,-0.12124736840917635,-104.21281489990815,-62.16699654098007
402,-105.12658429718819,-66.93340337750877,7.0,-0.11835310325531227,-104.04024351887982,-62.52664237954782
403,-105.32981003157164,-67.0910526385928,7.0,-0.11241233781081827,-103.88065417471527,-62.88964544704252
404,-105.5200678450897,-67.2227438545724,7.0,-0.06656600149653966,-103.77601028363324,-63.26518716627941
405,-105.91998131309737,-67.4570257387252,7.0,-0.02162416772453927,-103.7381148306223,-63.65593189753008
406,-106.14220817736935,-67.56561650432542,7.0,0.02054735960358501,-103.7432403594523,-64.05686972241166
407,-106.34143399698928,-67.65200359032902,7.0,0.019073286610164334,-103.77952854139733,-64.45779309598736
408,-106.65420578493831,-67.77050361909244,7.0,0.04889914776965639,-103.8813143294254,-64.83243978709187
409,-106.66454517011945,-67.77411260881506,7.0,0.049967401940378894,-104.08130325206314,-65.15657519394142
410,-107.14211063338144,-67.92413279047939,7.0,0.05722378662028037,-104.36852922961958,-65.42695213986167
411,-107.41288149118806,-67.99825174574772,7.0,0.07320305343007065,-104.69345874366854,-65.66061339927117
412,-107.6154609663528,-68.05064011707098,7.0,0.05636207009316137,-105.02794922581953,-65.87532597934188
413,-107.96110733571436,-68.13719143635143,7.0,0.06144252466933671,-105.36504626301851,-66.08477050259303
414,-107.9890240893624,-68.14414982479977,7.0,0.05947807621237469,-105.70218649532964,-66.2942086736218
415,-108.4978202056149,-68.27378768027023,7.0,0.07084442328020571,-106.039339987905,-66.50369956809627
416,-108.7321575368384,-68.33715141148538,7.0,0.061922755831006315,-106.37651507803638,-66.71322373233542
417,-108.97649503099849,-68.40704701323729,7.0,0.0639779808231504,-106.71372010301572,-66.92276171265824
418,-109.13180635426347,-68.45402913303366,7.0,0.06075459696582554,-107.05096332073208,-67.13229429359205
419,-109.54411661679002,-68.58953545159594,7.0,0.05894184195972751,-107.38825306847728,-67.34180210085857
420,-109.81937379671868,-68.6898855870258,7.0,0.05495739362376618,-107.72559768354328,-67.55126560137406
421,-109.83934185504465,-68.69748398657562,7.0,0.05481454187299742,-108.06300542381908,-67.76066550026304
422,-110.20523940320187,-68.84529582774316,7.0,0.04922016784711053,-108.40048454719384,-67.96998250265005
423,-110.23029142428558,-68.85601497478122,7.0,0.04926406300234751,-108.73804347036211,-68.17919715485408
424,-110.61476727910068,-69.03050134731494,7.0,0.04285749450599206,-109.07569037181028,-68.38829008259688
425,-110.88327555950549,-69.16382294954018,7.0,0.032052172037964316,-109.41343366823295,-68.59724191160022
426,-111.20280529978668,-69.33510150628435,7.0,0.020946839616617197,-109.7512816175192,-68.80603326758585
427,-111.39533670652726,-69.44501209307371,7.0,0.02617905563392023,-110.08924255696095,-69.01464485567833
428,-111.66099668447029,-69.60481365784112,7.0,0.013631681610888765,-110.42732474444723,-69.22305722219664
429,-111.91531089357107,-69.76625757016988,7.0,0.0007640076274010134,-110.76553643786714,-69.43125099286254
430,-111.95065660422084,-69.78936473245942,7.0,0.0011120271249482178,-111.10388605391532,-69.63920679339779
431,-112.33929792935952,-70.05320808376142,7.0,-0.005709847480945527,-111.44238177107808,-69.84690548773247
432,-112.34989485787118,-70.06063757666469,7.0,-0.005690351056501277,-111.78102549502216,-70.05434072364424
433,-112.58446838402503,-70.22795813883896,7.0,-0.01660539138730716,-112.11980801502506,-70.2615292551196
434,-112.75255017600871,-70.35100396346822,7.0,-0.009812223615225869,-112.45871892932269,-70.46849013882567
435,-113.08011633741148,-70.59700616321614,7.0,-0.03119152639904009,-112.79774783615088,-70.67524235202679
436,-113.30271125486027,-70.76769696795795,7.0,-0.02545159468544833,-113.13688441314828,-70.88180503079282
437,-113.47923049884818,-70.90444190361394,7.0,-0.032596724996537436,-113.47611825855078,-71.08819715238816
438,-113.52932827372447,-70.94337256645215,7.0,-0.03158467737479858,-113.81543889119146,-71.29443785288268
439,-113.87164712236981,-71.20983469680415,7.0,-0.0312842190617383,-114.15483606811176,-71.50054603013794
440,-113.88970264086365,-71.2238763368807,7.0,-0.030758056170961567,-114.4942993081447,-71.70654082022382
441,-114.03362608234725,-71.33557672214825,7.0,-0.03357397165170542,-114.833818288929,-71.91244120040471
442,-114.29694824575004,-71.53842087804392,7.0,-0.02752809704234597,-115.17338260870044,-72.11826630675048
443,-114.66639049880911,-71.81775386264934,7.0,-0.02543922766225773,-115.51298194509776,-72.32403511652545
444,-114.90150144466425,-71.99116809855126,7.0,-0.022205434898265812,-115.85260581695395,-72.52976676579955
445,-115.29060385278221,-72.26947674747919,7.0,-0.018429399518786926,-116.19224390190774,-72.73548015243432
446,-115.82394807293625,-72.63203607909827,7.0,-0.009123310253907764,-116.53188579819496,-72.94119433309689
447,-116.34328722833867,-72.96431313808155,7.0,0.0029127238098066695,-116.87152118345422,-73.14692844385716
448,-116.73302094255888,-73.2009652831159,7.0,0.009216084954198242,-117.21113957651863,-73.35270154138223
