,x,y,v,delta,x_c,y_c
0,-49.3314208984375,-40.363502502441406,2.9438920995994504,-0.07739927004943077,-46.228182471282224,-39.54922988793694
1,-49.3314208984375,-40.363502502441406,5.062264799980617,-0.06888181960739984,-46.61178889264117,-39.65192404376435
2,-49.3425448388335,-40.36794997115066,6.443020923709437,-0.05957598701785274,-46.99539380534729,-39.754618834814
3,-49.35198159967874,-40.37169478818676,7.0,-0.05627943660650889,-47.37899728880338,-39.85731457869702
4,-49.410370907789385,-40.393278289166986,7.0,-0.05352370280052384,-47.762599104801104,-39.96001175183007
5,-49.464202035355875,-40.41250080536915,7.0,-0.04813634635260805,-48.1461994915488,-40.0627109100326
6,-49.53756239482401,-40.438220611444656,7.0,-0.045311423615115747,-48.5297982108381,-40.16541245031852
7,-49.65137483197109,-40.47719840804691,7.0,-0.03461988591936679,-48.91339534207183,-40.26811676970173
8,-49.80833697948034,-40.52939985296063,7.0,-0.03162046690702827,-49.29699088524995,-40.37082434459891
9,-50.04949547442463,-40.60663846754765,7.0,-0.02622112781789983,-49.68058484037246,-40.47353565142674
10,-50.16551030066761,-40.642762188482,7.0,-0.020742759508395818,-50.06417704863386,-40.5762510871991
11,-50.41042136958437,-40.71717687846538,7.0,-0.01791260612596099,-50.44776758943687,-40.67897104892991
12,-50.589981217890916,-40.77037644660019,7.0,-0.009865891025218121,-50.83135654218427,-40.781696092438615
13,-50.739365854953874,-40.81385561862749,7.0,-0.00960302568308231,-51.21494366866775,-40.8844266941419
14,-51.02512776643479,-40.895399522636126,7.0,-0.006942868011008215,-51.59852912769287,-40.98716317165087
15,-51.235962954235056,-40.95445710666765,7.0,-0.006855964493651589,-51.98211276045404,-41.08990600138223
16,-51.48830794646156,-41.024140476493855,7.0,-0.004201512486441631,-52.36569464635405,-41.192655659752624
17,-51.78533972782807,-41.10506299961866,7.0,-0.004114793570818768,-52.74927478539293,-41.29541262317875
18,-52.03536649047805,-41.172419233675264,7.0,-0.0014603217977392376,-53.13285309816786,-41.39817720927172
19,-52.390174288579594,-41.26710107886115,7.0,-0.004025245661687624,-53.51642950527611,-41.5009500532538
20,-52.66826443191675,-41.340708566967656,7.0,-0.0014573964493690126,-53.90000416552317,-41.60373147273606
21,-52.990695563155676,-41.425553463119726,7.0,-0.0013735083648454493,-54.28357692010354,-41.70652194413521
22,-53.34784406635789,-41.51896191672847,7.0,-0.0013707685840741908,-54.66714776901718,-41.809321864465126
23,-53.648472548496805,-41.59722612206878,7.0,-0.0013706800018117955,-55.050716712264126,-41.9121317895453
24,-54.002487785267064,-41.689025511837016,7.0,0.0012809858699779296,-55.43428367044156,-42.014952036986834
25,-54.30087513737426,-41.76612921524986,7.0,0.0013676105834280361,-55.81784872295231,-42.11778316260915
26,-54.832637435914236,-41.90304355385607,7.0,0.0013704419084145138,-56.2014118697963,-42.22062556342622
27,-55.132949028915284,-41.98020244532873,7.0,0.0013705361866635877,-56.58497295216807,-42.32347971585464
28,-55.632648959516914,-42.108486910299085,7.0,0.0013705405355478651,-56.96853204947031,-42.42634593750559
29,-55.93423383933329,-42.185934612718945,7.0,0.0013705415349412422,-57.35208908230032,-42.52922486360128
30,-56.270210285036036,-42.272306522746604,7.0,0.004022221670645893,-57.735644130060805,-42.63211681175285
31,-56.563225042613155,-42.3477515741498,7.0,0.0014571606248659993,-58.11919703394626,-42.73502233777971
32,-56.954441942101425,-42.44870375601475,7.0,0.0013733749595022237,-58.502747873359446,-42.837941759293045
33,-58.06214359951304,-42.73660379458865,7.0,-0.0012810661494512586,-58.88629664830032,-42.940875552709485
34,-58.38869356749797,-42.822133775437884,7.0,0.0012839468605190234,-59.269843279366185,-43.0438242738485
35,-58.62556770044179,-42.88434885599312,7.0,0.0013677262794470583,-59.65338776655699,-43.14678824032121
36,-58.952509248731296,-42.970397508669315,7.0,0.0013704641551178585,-60.036930109872735,-43.24976792854429
37,-59.280059094353916,-43.05684477801259,7.0,0.001370555986218602,-60.42046911827175,-43.35276746746229
38,-59.68524834475714,-43.164071983510546,7.0,0.0013705614054886634,-60.80399446939265,-43.4558220325066
39,-60.023425717218615,-43.253809963213776,7.0,0.004022304371326178,-61.18749115611008,-43.55898260026176
40,-60.43000694163835,-43.3619773981065,7.0,0.001457165516054709,-61.57094393309039,-43.66230030611786
41,-60.76455718990428,-43.45123335831193,7.0,0.001373397990952641,-61.95433779320817,-43.76582612665948
42,-61.06576357111601,-43.53185056911438,7.0,-0.0012811059447193412,-62.337657570532514,-43.86961119727669
43,-61.43600523792362,-43.63127829472584,7.0,0.003935768619889028,-62.7208881785353,-43.9737066533596
44,-61.81885268932034,-43.73446743056156,7.0,0.0014543420711049936,-63.10401453068839,-44.07816347149277
45,-62.121262725902824,-43.816214738779536,7.0,0.0013733500420906703,-63.48702146106088,-44.18303286646905
46,-62.50889522273794,-43.921375104400894,7.0,0.004022719504514656,-63.86989388312462,-44.28836573547024
47,-62.88447669670022,-44.023647666530294,7.0,0.004109271481849024,-64.25261663094868,-44.39421337269197
48,-63.30294943985498,-44.13803616209034,7.0,0.0014600161836577602,-64.63517469740773,-44.50062667531605
49,-63.71718864687758,-44.25182633641263,7.0,0.0013736745151444374,-65.01755291657084,-44.60765677873252
50,-64.11574312672657,-44.36192345766265,7.0,0.0013709009278498716,-65.39973620190987,-44.71535481833154
51,-64.50209963010047,-44.46926270229027,7.0,0.001370869692147618,-65.78170930809112,-44.82377192950319
52,-65.10331594501352,-44.63759599332504,7.0,0.004023755848696442,-66.16345730739206,-44.932959009429226
53,-65.34667267006255,-44.70618024830466,7.0,0.0014572543744411583,-66.54496503388171,-45.04296727290255
54,-65.7046711346442,-44.80753097148367,7.0,0.0013738674529609734,-66.92621732162918,-45.153847775910464
55,-66.16894474366322,-44.939832940070694,7.0,0.001371353896111832,-67.30719956052305,-45.26565006578749
56,-66.58132882442837,-45.05808158375839,7.0,0.006680652618279616,-67.68791969084123,-45.37835127453309
57,-66.91902951855253,-45.15542081682467,7.0,0.0015431387307431085,-68.06841796979303,-45.49182356367199
58,-67.19605841220599,-45.23562125149177,7.0,0.0013775284091043962,-68.44873743368503,-45.60593107504819
59,-67.59469915356324,-45.35163208497408,7.0,0.001372568890360461,-68.82892096001824,-45.72053810931126
60,-68.13458442106726,-45.509759873670795,7.0,0.0013729697416344727,-69.20901142629369,-45.8355088083052
61,-68.53315285904995,-45.62725365448061,7.0,-0.0012860950824135201,-69.58905186881795,-45.9507072344712
62,-68.84527552119782,-45.7196862856188,7.0,0.0012901722537347017,-69.96908508568926,-46.06599768845884
63,-69.17946657784809,-45.81903941557822,7.0,-0.0012912649845289881,-70.34915403381143,-46.1812443121121
64,-69.49459141006092,-45.913027051446285,7.0,0.0012931822923615312,-70.72930159068547,-46.29631124727498
65,-69.93254248784679,-46.04411483301151,7.0,-0.0012951841776446776,-71.10957071321515,-46.41106263579147
66,-70.13193224203809,-46.10392950039896,7.0,-0.0013753291368529894,-71.4900043583043,-46.52536277831116
67,-70.48191857943536,-46.20912090790037,6.999999859431876,-0.004053649658616041,-71.87064540345393,-46.63907573727521
68,-71.13042087179963,-46.40437007354236,6.84865864483251,-0.009629017386497022,-72.25153672616509,-46.752065654527655
69,-71.42610406777405,-46.49342167647006,6.628333329133054,-0.029423077495074067,-72.6327212833415,-46.86419683071806
70,-72.0174182552356,-46.670999345304956,6.41122599258668,-0.05897549476998263,-73.01424203188701,-46.97533340769039
71,-72.30276432007994,-46.7560053883397,6.156563563692152,-0.1106592774276553,-73.39614176989987,-47.085339447885865
72,-72.61862602715838,-46.84857678787514,5.957123304876954,-0.1645682718288356,-73.77846353368665,-47.19407917255129
73,-73.07916698230699,-46.97680943264122,5.789785036709244,-0.19604804559310207,-74.16122121873379,-47.30089401503211
74,-73.35123978440714,-47.04489255363237,5.674554063482348,-0.26193386616264946,-74.54302932593887,-47.379923442825365
75,-73.725426999846,-47.12158775351096,5.705648710412211,-0.2839808009481016,-74.9205106168746,-47.3694310007151
76,-74.07137209780338,-47.16668912904261,5.965911672659662,-0.2770859500701954,-75.2868238274479,-47.22289301204104
77,-74.57367605793115,-47.16476976062927,6.8467526760195705,-0.2187581290263787,-75.62057975448423,-46.97265284925174
78,-74.85900564103952,-47.119252270956984,7.0,-0.16704175384236525,-75.89759739307605,-46.67109903711896
79,-75.18415184628266,-47.02004932592738,7.0,-0.1260324701166697,-76.11357700330181,-46.34407781564533
80,-75.41366139988614,-46.916417562627025,7.0,-0.10109328075498084,-76.28056239878087,-45.99561593799591
81,-75.7308929907237,-46.72489678572758,7.0,-0.08711490995085541,-76.41108246471349,-45.62909254826484
82,-75.94176100826265,-46.56575783523486,7.0,-0.08407308758216406,-76.51766783316106,-45.24789306336582
83,-76.2034298946123,-46.33219910749981,6.979566865882255,-0.08686060706664646,-76.61331364244612,-44.85703955030704
84,-76.54178756147624,-45.97289532051164,6.90454726741073,-0.08759183129060903,-76.71210014927796,-44.465377161131805
85,-76.6678461048298,-45.82296860484111,6.860002215497338,-0.08256819537192318,-76.82826204877239,-44.08229622736867
86,-76.86521042102042,-45.57097289415105,6.879159327289436,-0.0633478946468341,-76.97603435365633,-43.71718692174063
87,-77.02370490244874,-45.35305266136553,6.9010145300165595,-0.043758269536807705,-77.16938560092811,-43.37930157374515
88,-77.22954145545245,-45.047933991835194,7.0,-0.00800467245717634,-77.411002621846,-43.07204306890745
89,-77.457949769962,-44.67818121088654,7.0,0.03308433461613766,-77.68835303748739,-42.79092387973213
90,-77.65052572400305,-44.33838955976822,7.0,0.07153466140011826,-77.987540726189,-42.52928044554704
91,-77.79949368296435,-44.05830154623387,7.0,0.0912568261452438,-78.29349972513468,-42.27387664059346
92,-78.07106025081326,-43.51798629606234,7.0,0.09710024426937262,-78.59362206395569,-42.012490789025605
93,-78.21752195264934,-43.21991286480254,7.0,0.09458464537358274,-78.88647396665964,-41.74378265132554
94,-78.34249656283417,-42.96829120677839,7.0,0.08390840949643198,-79.17345363679357,-41.46917028173527
95,-78.50235903438274,-42.65660985404973,7.0,0.062381046150697735,-79.45595943671013,-41.19007165509405
96,-78.66935513257229,-42.348364660286386,7.0,0.04048312003251813,-79.73538949055369,-40.90790482564384
97,-78.85029031533954,-42.037099570841335,7.0,0.02386150657951107,-80.01314224007962,-40.62408768882112
98,-79.05621068541642,-41.710985829883946,7.0,0.0074084176966495,-80.29061588883505,-40.340038378270656
99,-79.26416357160468,-41.40817575287891,7.0,-0.0010844496700157373,-80.56920879917261,-40.05717471002613
100,-79.6128302901971,-40.94738535240478,7.0,-0.001361486404340448,-80.85031925404219,-39.776914817732326
101,-79.7993396203113,-40.719132037979755,7.0,0.003933666659622559,-81.13514480616664,-39.50047165825137
102,-80.11683678851699,-40.35077081333546,7.0,0.014714638982490194,-81.42338944198336,-39.22753214642305
103,-80.31956063354393,-40.12519675398028,7.0,0.023021854346059807,-81.7140833359416,-38.95709461618193
104,-80.74877542345664,-39.66386415502277,7.0,0.03389851815188019,-82.00625340697655,-38.68815430475413
105,-80.96522136256651,-39.43716605971563,7.0,0.03690484316758639,-82.29892649462067,-38.419706369963016
106,-81.20985089497421,-39.18476779139628,7.0,0.037003143738948856,-82.59112951780921,-38.15074581082641
107,-81.59529257887893,-38.79564250009745,7.0,0.02375059317386081,-82.88188939547733,-37.88026778516766
108,-81.91593928351789,-38.48101340510373,7.0,0.012710256006687732,-83.17023288775475,-37.60726737140733
109,-82.12899116806229,-38.277113782894375,7.0,-0.0009137142000190885,-83.45518707238226,-37.33073988617439
110,-82.41645070734977,-38.008791157891814,7.0,-0.014627096742902796,-83.73628109087643,-37.05021193009642
111,-82.62671522468905,-37.81735231280657,7.0,-0.020383008396552386,-84.01505432492661,-36.767337066059966
112,-82.97945023787354,-37.504373415942375,7.0,-0.023231264175584975,-84.29354821999793,-36.48430061736689
113,-83.33233740008394,-37.19911752627661,7.0,-0.018014543994581505,-84.57380445976386,-36.20328782791631
114,-83.67581315985912,-36.90643164166914,7.0,-0.004562824467330646,-84.8578613135784,-35.92648005087116
115,-84.01657663082625,-36.61710679225212,7.0,0.009160991440876514,-85.14705378037598,-35.65528914705657
116,-84.36394714861085,-36.320477610143136,7.0,0.025556296084104584,-85.44115302134564,-35.38941465635435
117,-84.81241369542107,-35.932306220529064,7.0,0.03673522933029045,-85.73971962150469,-35.12832545357132
118,-85.07722531399916,-35.70019714843139,7.0,0.042418610081915595,-86.04231400706499,-34.87149033411153
119,-85.30868130253099,-35.49633342541376,7.0,0.045271503384797,-86.34856933718437,-34.61851315750723
120,-85.62063688784697,-35.221813554011945,7.0,0.04005677602497846,-86.65865188128356,-34.369985871480814
121,-85.88769926630609,-34.98890209856179,7.0,0.03723323890582409,-86.97296484667764,-34.12694007694567
122,-86.17340172335228,-34.744026529685854,7.0,0.0344863814134251,-87.29191255232067,-33.890409518690234
123,-86.5100636129895,-34.46357361709385,7.0,0.03705348263490125,-87.61589923776391,-33.661427623891825
124,-86.8381348253651,-34.20073856375047,7.0,0.04775429297415112,-87.94484748529719,-33.440015196078726
125,-87.29528993566795,-33.853670971815426,7.0,0.056034953301496264,-88.2767773866096,-33.22219510882313
126,-87.59927079555813,-33.63581284410616,7.0,0.06424469442535832,-88.60988864247783,-33.00453946472422
127,-87.89315511995272,-33.435287125602926,7.0,0.06979469710133174,-88.95189348608504,-32.80613994752702
128,-88.26333210783456,-33.197291086474415,7.0,0.06995968030064811,-89.31657219043896,-32.66044767785914
129,-88.60136792438426,-32.99436593851766,7.0,0.06995435068855937,-89.70125054932335,-32.561877146587975
130,-88.92524669272903,-32.813507959419105,7.0,0.06464529695186831,-90.09082496300456,-32.47535487549179
131,-89.2541856705395,-32.643633103679065,7.0,0.059165469539958535,-90.47570429032427,-32.37866182294576
132,-89.66077718572454,-32.45315054886636,7.0,0.051028482078460745,-90.8588766166868,-32.27893971316114
133,-89.9011091896236,-32.35070989018934,7.0,0.045451843812725296,-91.24448557614885,-32.186151292305055
134,-90.31026681854529,-32.19318701963982,7.0,0.03996246120505904,-91.63320021653186,-32.10303897358152
135,-90.73035231217318,-32.0525844359513,7.0,0.02651828890041757,-92.02418228269094,-32.02921257173123
136,-91.06001941028565,-31.956392691886062,7.0,0.026087091092227607,-92.4165871672588,-31.964268958841885
137,-91.48323451755729,-31.849627212144075,7.0,0.026073134600513945,-92.80958392014628,-31.90780595983449
138,-91.83709097693263,-31.773353130205592,7.0,0.02873192063567661,-93.20282285151173,-31.859450222839023
139,-92.25012014501993,-31.697617151229505,7.0,0.031477438042562214,-93.59655876487508,-31.81886436544476
140,-92.62628420717655,-31.639671019677863,7.0,0.034226931962324326,-93.99108465649331,-31.78571370493533
141,-92.96340297676306,-31.595733043538,7.0,0.04759019701689841,-94.38669360202611,-31.759663082177862
142,-93.36266087715774,-31.5525722953097,7.0,0.0480232086388453,-94.7836310354655,-31.740499141903356
143,-93.81721645807522,-31.51452477508632,7.0,0.050693783891018133,-95.181470802093,-31.729721961425223
144,-94.29839211952275,-31.487072027869978,7.0,0.05078451065272129,-95.57928944758108,-31.730100236267543
145,-94.96618225094336,-31.471776618807866,7.0,0.04547491393636386,-95.97615192479644,-31.74443212038565
146,-95.4435091547251,-31.47849868234313,7.0,0.03733762470546254,-96.37112644211976,-31.77550218985954
147,-95.89194239877857,-31.499320054394822,7.0,0.03176401792677724,-96.76383798022268,-31.823677523739587
148,-96.16955494743469,-31.51967243577638,7.0,0.03688917739332154,-97.15510017938844,-31.88416767292595
149,-96.61391474100503,-31.56410775812128,7.0,0.037048460237433634,-97.5458792126399,-31.95151949271972
150,-96.89671372846853,-31.600031858551894,7.0,0.03970169517259606,-97.9371411735973,-32.02027983842191
151,-97.23668425659389,-31.65107998909356,7.0,0.045090120089933565,-98.3297461531699,-32.085367964370235
152,-97.51866463023876,-31.69985776002819,7.0,0.047914234447892605,-98.72084589424844,-32.15471454079467
153,-97.91290583728436,-31.77786647255448,7.0,0.053305163728494365,-99.10300305607296,-32.25235137477979
154,-98.23199183131052,-31.84939672332918,7.0,0.053475686919690985,-99.471278944554,-32.394253511566
155,-98.60755974067233,-31.943555929073977,7.0,0.0534738174774632,-99.83124850825445,-32.56218673802587
156,-99.03034512092763,-32.06292479138861,7.0,0.050819614362525745,-100.18945191592684,-32.73468919744148
157,-99.32511080824656,-32.155075752446834,7.0,0.04278116595867917,-100.54675219638334,-32.9084437592896
158,-99.71336142965582,-32.288153681816176,7.0,0.034562230953533744,-100.90268428754348,-33.08437721281446
159,-100.12911238112424,-32.4466566815113,7.0,0.028991042776255308,-101.25678328613232,-33.263416426663056
160,-100.48011457339433,-32.5938045699255,7.0,0.020849867894491256,-101.60858413006932,-33.44648819007964
161,-100.91735347197698,-32.79435417581137,7.0,0.01793285373748918,-101.9576219954824,-33.63451929230843
162,-101.20480373297985,-32.936754476162854,7.0,0.015186148295485789,-102.3034317408883,-33.828436522593655
163,-101.6022194923425,-33.14678973780205,7.0,0.012443196137353457,-102.64554846301203,-34.02916667017954
164,-101.87722371597808,-33.30053731819775,7.0,0.017668547751098548,-102.98350725857873,-34.23763668311589
165,-102.13303580016404,-33.44923218806416,7.0,0.023147880230557853,-103.31716440855716,-34.45412931470106
166,-102.44104766104627,-33.634963755791226,7.0,0.03394319444212782,-103.64856929869045,-34.674532374379105
167,-102.63536454779674,-33.75566276303448,7.0,0.04225205463568946,-103.9805134131004,-34.893157844028806
168,-102.94872996129729,-33.95588777129726,7.0,0.04782626355322418,-104.30994093581172,-35.11305359934758
169,-103.18581774869581,-34.11193924199926,7.0,0.04801268640011815,-104.62669013729142,-35.347886208562684
170,-103.51038704395921,-34.33236195185051,7.0,0.04802181014100966,-104.923471286547,-35.607690674370765
171,-103.85400859031165,-34.57532802948532,7.0,0.04271742356818538,-105.20515598231906,-35.88676039840021
172,-104.1859440720857,-34.820826787187045,7.0,0.03723740898252587,-105.47941651819262,-36.17576372777663
173,-104.57871984395264,-35.127481399078036,7.0,0.026438663203398792,-105.75392534655822,-36.46536900962569
174,-104.90882408073892,-35.40110135111299,7.0,0.023437867317372747,-106.03565792220644,-36.74700018792427
175,-105.23960898605382,-35.69155864298856,7.0,0.023340858901509068,-106.32225137722008,-37.02220680791754
176,-105.48718296882214,-35.92026000080683,7.0,0.025992756903821666,-106.6046735660097,-37.2997697053973
177,-105.70218676930709,-36.12694414349582,7.0,0.026081776742707324,-106.87374846514902,-37.58862582202024
178,-106.01591293897816,-36.44218588359639,7.0,0.031399557370833046,-107.12035499793537,-37.8976589789834
179,-106.29948071608653,-36.7413278064711,7.0,0.03157685195853447,-107.34345894316364,-38.22793912874275
180,-106.69909066246316,-37.18575491609389,7.0,0.03955319472855095,-107.55856488460478,-38.56455522330531
181,-106.87867571062496,-37.39448971636538,7.0,0.04777473394576358,-107.7808406588412,-38.89314861981627
182,-107.16269005231142,-37.73664092628195,7.0,0.058642673470678836,-108.00969924112276,-39.2160998930127
183,-107.49064195919004,-38.15233849560318,7.0,0.06163680691198749,-108.23705322013252,-39.54236893195458
184,-107.68053654200881,-38.40481182646956,7.0,0.056431125056205955,-108.44782083190118,-39.87908150089444
185,-107.91598490728765,-38.7326089945477,7.0,0.05095955315517071,-108.6247079128098,-40.232353598935845
186,-108.13227026044947,-39.051083051940836,7.0,0.04812371437515909,-108.77101333074224,-40.600230567851845
187,-108.34556586198234,-39.385203129271886,7.0,0.0427218497288941,-108.91453186991404,-40.97116406736818
188,-108.51701680407282,-39.671257559057906,7.0,0.03724024954505501,-109.07480574544208,-41.33659852737896
189,-108.72146048841012,-40.03705923374029,7.0,0.037060663403179483,-109.23643574104392,-41.70079938580487
190,-108.89310717308129,-40.36893596638606,7.0,0.034400624970896854,-109.37764310350808,-42.07050460372263
191,-109.00463073446363,-40.59862995392185,7.0,0.03431632421370728,-109.49628316375583,-42.446970491912
192,-109.17728918204286,-40.97973525456521,7.0,0.034314611108595024,-109.60345047517556,-42.827706105772215
193,-109.39668866821428,-41.51669493495949,7.0,0.03697279009165623,-109.70344096635546,-43.2114494175233
194,-109.54327694558688,-41.91519075441917,7.0,0.045022577979869194,-109.7956032962939,-43.59785256358753
195,-109.76567593608715,-42.59768353074075,7.0,0.0426325918738271,-109.87918512365356,-43.98658657824878
196,-109.85436458266098,-42.90348730002784,7.0,0.04521488766049711,-109.95343402769444,-44.37732217817978
197,-110.02845776507448,-43.58486786226662,7.0,0.04794957236590385,-110.01759766707916,-44.769730318261615
198,-110.08604580650936,-43.84297358830183,7.0,0.04803671671801732,-110.07092362106764,-45.163481715167
199,-110.14867478022374,-44.15077351008973,7.0,0.053339711437228196,-110.1126594689198,-45.558247403179806
200,-110.24119151796259,-44.68417597935001,7.0,0.04820426253897385,-110.14205278989552,-45.95369817837556
201,-110.29837403119738,-45.094686943279335,7.0,0.04538209310342635,-110.15837188738026,-46.34950825114928
202,-110.35815269515753,-45.68509581895826,7.0,0.03998114808841771,-110.16152346310788,-46.74545696117629
203,-110.38002040184926,-46.017459889419264,7.0,0.039801337294556725,-110.15216155777443,-47.1414466430376
204,-110.39353510173649,-46.359488845203984,7.0,0.03979099890614632,-110.13098261316044,-47.53738661875886
205,-110.39780000670274,-46.78013286265715,7.0,0.03978520584281918,-110.09868291224068,-47.93318605156011
206,-110.39404677185027,-47.02736413678583,7.0,0.03977870330879859,-110.0559052205166,-48.32871241820208
207,-110.37597284885197,-47.46587095311992,7.0,0.042418377099444585,-110.00260999540384,-48.723300641002346
208,-110.35569103553033,-47.76198055468493,7.0,0.03984847898487671,-109.93828850329317,-49.11591959546418
209,-110.29858060094546,-48.333312102076164,7.0,0.04240416734176963,-109.86242272045004,-49.50553085203516
210,-110.26581912291412,-48.58701447151092,7.0,0.04512561641594901,-109.77450010193172,-49.8911039214408
211,-110.18328790547034,-49.11124268046983,7.0,0.04521393209965031,-109.67472884182644,-50.27263030758368
212,-110.09827051880545,-49.55374124945086,7.0,0.04521695309151472,-109.56474114367307,-50.65212112406711
213,-110.01901413769245,-49.91088218908914,7.0,0.04256754620692791,-109.44600683232588,-51.03132704337711
214,-109.90423196347324,-50.365226795420426,7.0,0.034531040561643536,-109.31787853692232,-51.408804602382176
215,-109.7888427358542,-50.768170040515585,7.0,0.031618468882957766,-109.17892597519224,-51.78190508315832
216,-109.63091033042991,-51.257830292900714,7.0,0.020919806621696343,-109.02933876097352,-52.14970264929465
217,-109.49119855899836,-51.64755777834252,7.0,0.017919888025785962,-108.87117795221792,-52.51326320370535
218,-109.36978148921547,-51.960970026733506,7.0,0.009866696836948583,-108.70660878332404,-52.87376333677952
219,-109.17154007116447,-52.43499811440569,7.0,0.0069522173861319,-108.53779625048216,-53.23237971830893
220,-109.04496606047688,-52.718633274419204,7.0,0.006857498058989168,-108.36654700513796,-53.59008225324723
221,-108.88547146759367,-53.060265933926644,7.0,0.004202044526134201,-108.19342020166587,-53.94712264840589
222,-108.72602093985259,-53.38795939497412,7.0,0.0014630475710998758,-108.0187042309616,-54.30359642532889
223,-108.5484180502204,-53.74054387841396,7.0,0.0013739097234405737,-107.84268740451812,-54.65959934376848
224,-108.40012489676322,-54.02721439996334,7.0,0.001371044757275547,-107.66565811323107,-55.01522684586582
225,-108.24791685209217,-54.31604720989682,7.0,0.0013709907792555278,-107.48790450978802,-55.37057461197039
226,-108.11525767105329,-54.56432113575777,7.0,0.001371037727359025,-107.3097150644874,-55.72573816362618
227,-107.90219842767486,-54.958107730635376,7.0,0.0013710885139143743,-107.13137800941932,-56.080813260585394
228,-107.68353903594871,-55.35784032735153,7.0,0.001371326321755844,-106.95318173547965,-56.435895344989234
229,-107.54466680948659,-55.610154946217264,7.0,-0.0012829847202118323,-106.775394465258,-56.79107723868711
230,-107.32320081982701,-56.01085670026839,7.0,-0.006679476891663592,-106.5981570592855,-57.146434056708586
231,-107.11723788530193,-56.38225978257957,7.0,-0.009510282857410615,-106.42156106896714,-57.50203400604137
232,-106.97498888228466,-56.6383674913486,7.0,-0.012259934730964232,-106.24569764869396,-57.85794513486767
233,-106.72434623981361,-57.089803123802774,7.0,-0.012351058249756816,-106.07065811166254,-58.214235650175205
234,-106.52754375111145,-57.44532820530659,7.0,-0.012356687387971237,-105.89653361226397,-58.57097367954891
235,-106.36712284727054,-57.736562674971104,7.0,-0.015018506509525091,-105.72341546369483,-58.92822735057376
236,-106.04610808100557,-58.32564340913717,7.0,-0.00979142322644034,-105.5513949791518,-59.286064949640256
237,-105.89518250535073,-58.60665394592633,7.0,-0.009631070075065053,-105.38056331302587,-59.64455444552778
238,-105.73485441579605,-58.908856381835584,7.0,-0.009630769277477849,-105.2110035206246,-60.00375419927938
239,-105.58937029633844,-59.18660959320662,7.0,-0.006968245618873512,-105.04269606886412,-60.36360100628247
240,-105.41153133440245,-59.531256793667055,7.0,-0.009562580274592787,-104.87555290006192,-60.72395003586693
241,-105.19687688392925,-59.95516740084732,6.980768684278816,-0.012347277326876037,-104.70948460668797,-61.08465486930706
242,-105.04712731496578,-60.25614745432717,6.902818700721753,-0.03412831779420971,-104.54440170180966,-61.445569167279935
243,-104.80248944514418,-60.75749334459156,6.7748880027552465,-0.057077554489597324,-104.37982316338775,-61.80650331594774
244,-104.61596351186036,-61.14908578848277,6.583904365429829,-0.0949884049698047,-104.21281489990815,-62.16699654098007
245,-104.46209137312113,-61.481199180349215,6.3630199805511225,-0.12660186703219345,-104.04024351887982,-62.52664237954782
246,-104.27080508185392,-61.91353112292771,6.176022997530044,-0.1529881937816185,-103.88065417471527,-62.88964544704252
247,-104.16405008253186,-62.172343949362876,6.031925169425043,-0.17931323945573543,-103.77601028363324,-63.26518716627941
248,-104.03936125301867,-62.50763271264821,5.922211023014571,-0.188090756476655,-103.7381148306223,-63.65593189753008
249,-103.95231423306282,-62.785106557676535,5.948599052723681,-0.181975752912992,-103.7432403594523,-64.05686972241166
250,-103.87350334977164,-63.121743829922984,6.143657250310404,-0.17519816252073267,-103.77952854139733,-64.45779309598736
251,-103.82926662916938,-63.46542715350937,6.5102787848154575,-0.15198285880256035,-103.8813143294254,-64.83243978709187
252,-103.82429487445691,-63.81194936712325,6.957991323135991,-0.1261569678108174,-104.08130325206314,-65.15657519394142
253,-103.86114112868077,-64.15344404597766,7.0,-0.11147909878750319,-104.36852922961958,-65.42695213986167
254,-103.92017256069913,-64.42812380166944,7.0,-0.10562231391268202,-104.69345874366854,-65.66061339927117
255,-104.03580556302582,-64.7882629171992,7.0,-0.113290072284778,-105.02794922581953,-65.87532597934188
256,-104.18530363557092,-65.13556194716644,7.0,-0.13197803075035594,-105.36504626301851,-66.08477050259303
257,-104.47408139130108,-65.65824148051978,7.0,-0.14573154340971106,-105.70218649532964,-66.2942086736218
258,-104.71158673386678,-66.01309688914968,7.0,-0.14618352261079695,-106.039339987905,-66.50369956809627
259,-104.85434724162026,-66.20458570589076,7.0,-0.13570659938055316,-106.37651507803638,-66.71322373233542
260,-105.09774393138382,-66.50088166011317,7.0,-0.11963740545808203,-106.71372010301572,-66.92276171265824
261,-105.42125892579958,-66.84524232979878,7.0,-0.09269963900830214,-107.05096332073208,-67.13229429359205
262,-105.64498209176242,-67.05468922320435,7.0,-0.06536771694483601,-107.38825306847728,-67.34180210085857
263,-105.862372890158,-67.239044795916,7.0,-0.03796077469735267,-107.72559768354328,-67.55126560137406
264,-106.34090267165709,-67.5887266086169,7.0,-0.005200086249418556,-108.06300542381908,-67.76066550026304
265,-106.61434572945484,-67.76004700100076,7.0,0.014446560646830739,-108.40048454719384,-67.96998250265005
266,-106.8453254791785,-67.89202347847272,7.0,0.028357541580257044,-108.73804347036211,-68.17919715485408
267,-107.31100083195405,-68.13074993073543,7.0,0.03410439061466315,-109.07569037181028,-68.38829008259688
268,-107.61647133645303,-68.27285456562882,7.0,0.028979276866390957,-109.41343366823295,-68.59724191160022
269,-107.84588788340965,-68.37461113956597,7.0,0.02349823651758341,-109.7512816175192,-68.80603326758585
270,-108.20315291729227,-68.52806526761502,7.0,0.015355303507681781,-110.08924255696095,-69.01464485567833
271,-108.53131602446423,-68.6665969878308,7.0,0.0071315613264820886,-110.42732474444723,-69.22305722219664
272,-108.80691349247523,-68.78307304654292,7.0,0.00155847702507079,-110.76553643786714,-69.43125099286254
273,-109.2175096345247,-68.95918502304335,7.0,-0.006580082693840698,-111.10388605391532,-69.63920679339779
274,-109.52415851592696,-69.09380898651146,7.0,-0.004192599841053757,-111.44238177107808,-69.84690548773247
275,-110.09445115887011,-69.3522090656371,7.0,0.001188853729037656,-111.78102549502216,-70.05434072364424
276,-110.36040181957276,-69.47590382919762,7.0,0.0066679303642351116,-112.11980801502506,-70.2615292551196
277,-110.894563231755,-69.72909171575465,7.0,0.017452752109401146,-112.45871892932269,-70.46849013882567
278,-111.15359561568657,-69.85360325515022,7.0,0.023107371072150096,-112.79774783615088,-70.67524235202679
279,-111.50388621671661,-70.02335252904706,7.0,0.02859382975023459,-113.13688441314828,-70.88180503079282
280,-112.04327882186773,-70.28818003357183,7.0,0.03142365024206012,-113.47611825855078,-71.08819715238816
281,-112.65650743140566,-70.59646664184834,7.0,0.023563674186621208,-113.81543889119146,-71.29443785288268
282,-112.95766731820272,-70.75207347716949,7.0,0.01800466669524773,-114.15483606811176,-71.50054603013794
283,-113.48004067515285,-71.03107997635992,7.0,0.00721720727061716,-114.4942993081447,-71.70654082022382
284,-113.90410930022288,-71.26753985894511,7.0,-0.0010901454450012033,-114.833818288929,-71.91244120040471
285,-114.18272401356919,-71.42814537738238,7.0,-0.006664836724822333,-115.17338260870044,-72.11826630675048
286,-114.47700377834093,-71.60217424024779,7.0,-0.012150108292464431,-115.51298194509776,-72.32403511652545
287,-115.11429521895971,-71.99246368087054,7.0,-0.009677736516321901,-115.85260581695395,-72.52976676579955
288,-115.6195444888016,-72.31089388844235,7.0,-0.0042937161822967735,-116.19224390190774,-72.73548015243432
289,-116.14330300710563,-72.64410520534364,7.0,0.0011855354556256927,-116.53188579819496,-72.94119433309689
290,-116.58763388244732,-72.92622950889479,7.0,0.006667887802750721,-116.87152118345422,-73.14692844385716
291,-116.87122430176592,-73.1052986446515,7.0,0.006846960670177032,-117.21113957651863,-73.35270154138223
