,x,y,v,delta,x_c,y_c
0,-49.3314208984375,-40.363502502441406,1.6809088534657546,-0.03724186912033139,-30.545818417562835,-35.17424511328671
1,-49.3314208984375,-40.363502502441406,3.0209964649466863,-0.05177457064489003,-30.92757507176673,-35.28348539307512
2,-49.333077594513306,-40.36416685868439,4.08764756222356,-0.05280652520337296,-31.30953102694757,-35.39206774143124
3,-49.34534670217416,-40.36907477753051,4.9286045137383425,-0.049662741407122846,-31.69159171439483,-35.50031326319604
4,-49.363112689653946,-40.37609368612984,5.58569026026653,-0.046275034785614344,-32.07366264480062,-35.60854282500212
5,-49.39361804057998,-40.38760036023337,6.086912939389335,-0.04318193699746535,-32.455663938968684,-35.71702750793925
6,-49.43928628098747,-40.40446248307194,6.452801666467974,-0.04015156245820149,-32.83758622737096,-35.825796611633145
7,-49.49802777238101,-40.4258748638865,6.853945020645825,-0.039161730304235774,-33.219441658632775,-35.93480686156887
8,-49.58818226026181,-40.45825550986461,6.999998014472343,-0.03645592797873185,-33.60124230197661,-36.04401522143987
9,-49.686412369118656,-40.492919502319936,6.999999313107065,-0.03397801745584076,-33.98300006781942,-36.15337833732841
10,-49.79280153733263,-40.52979332160342,6.999999064719582,-0.031753190527656606,-34.36472702538373,-36.26285309352517
11,-49.92349406342914,-40.574241547635424,6.999999520705376,-0.030330663892153893,-34.746435243892044,-36.37239621551522
12,-50.05534838374451,-40.618214837994515,6.999999331406168,-0.028594438898096815,-35.128136713164075,-36.4819645875892
13,-50.19850266766088,-40.66507317600716,6.999998959463971,-0.0272052969742194,-35.50984342301957,-36.59151485582942
14,-50.418168105826375,-40.73539482511053,6.999999363300132,-0.025388387957752893,-35.89156752208381,-36.70100390452652
15,-50.59892642279127,-40.79191805863056,6.999998865392504,-0.024470487934318188,-36.27332100017654,-36.81038845916558
16,-50.83694429073199,-40.8646557436177,6.999999791918626,-0.022376785864181185,-36.65511576771466,-36.91962540403725
17,-51.099849969565426,-40.94292107131584,6.999999479826846,-0.0197332474150087,-37.036964052726304,-37.02867138522382
18,-51.392593920512,-41.027659313730304,6.9999995680417655,-0.016727005869934124,-37.41887768622561,-37.137483366418735
19,-51.54233633094609,-41.070069585247474,6.999999397384882,-0.015990590373965274,-37.80086889624064,-37.24601807310706
20,-51.86990621064702,-41.16080699213214,6.999999473584535,-0.013125785454340622,-38.18294951378557,-37.354232230773896
21,-52.04237532425379,-41.20752832272628,6.999999743195574,-0.012765962968770616,-38.56513168748568,-37.46208264430707
22,-52.37210840365341,-41.295007025803756,6.999999788428395,-0.010103744223912539,-38.94742748656351,-37.56952619799726
23,-52.56977213090185,-41.34636621333961,6.999999544325287,-0.006995483651005267,-39.329848265616505,-37.67652136419071
24,-52.85414288622156,-41.41895363604928,6.999999035802514,-0.006855904729763135,-39.71239600971419,-37.78306163185944
25,-53.157214425233065,-41.49481391543374,6.999999776612775,-0.004186484446252769,-40.09506365200917,-37.88917145705963
26,-53.36943364259882,-41.54710064304019,6.999999515630325,-0.0011490537485914307,-40.47784412565406,-37.99487632808354
27,-53.751356464423885,-41.639693235964614,6.999999519457151,0.00163723161568099,-40.86073012559312,-38.10020181262622
28,-54.11737042550721,-41.72692157366526,6.999999538886616,0.0041959178220992805,-41.24371450557618,-38.20517339897994
29,-54.43448219457826,-41.801589144660156,6.9999988850564,0.004157246342366636,-41.6267899605475,-38.309816813645305
30,-54.841577665992666,-41.89662525628129,6.999998781234739,0.005731266840441253,-42.00994942365972,-38.41415738610903
31,-55.22575475811503,-41.9859107294639,6.999998795485645,0.007245932372846986,-42.39318558985709,-38.51822084287175
32,-55.550813212477706,-42.061447084274114,6.99999905794339,0.00860532095902311,-42.77649131288943,-38.62203259282293
33,-55.86061152629412,-42.13367303127866,6.99999977761134,0.009595350758917888,-43.15985936710382,-38.7256182830604
34,-56.152103412826726,-42.20203364256839,6.9999994221643425,0.010123871256106996,-43.543282526847314,-38.82900340187644
35,-56.41343941949319,-42.26378446806703,6.999999560586068,0.01020833389898166,-43.92675356646693,-38.93221351696611
36,-56.783327991209006,-42.35212574274114,6.999999574384747,0.009660054907795859,-44.31026533971248,-39.03527419602446
37,-57.093461403599854,-42.42731196125452,6.999999070302112,0.009222409322208266,-44.69381062093108,-39.13821092734375
38,-57.345363218282074,-42.489211828433014,6.999999366255763,0.008260665933640233,-45.07738210506697,-39.24104935802181
39,-57.80129287608609,-42.60336532346908,6.999999769813161,0.00687448781516091,-45.46097280467554,-39.34381497635092
40,-58.0174073732176,-42.65850014837141,6.999999502379698,0.005338663127049346,-45.8445752558955,-39.44653327062336
41,-59.24766992247363,-42.98559716385758,6.999999399065731,0.00030092806970184483,-46.228182471282224,-39.54922988793694
42,-59.55540734183225,-43.07090794102981,6.999999498249638,-0.0022366494453809555,-46.61178889264117,-39.65192404376435
43,-59.81995423490072,-43.14527810234595,6.999998926347647,-0.0025403562520229478,-46.99539380534729,-39.754618834814
44,-60.17799088595937,-43.24721959826278,6.999999020286924,-0.0039168185996618175,-47.37899728880338,-39.85731457869702
45,-60.503322567968624,-43.340938675675545,6.999999191270074,-0.005077744868490814,-47.762599104801104,-39.96001175183007
46,-60.83769689635853,-43.438053463812345,6.999999789273505,-0.005759563465030573,-48.1461994915488,-40.0627109100326
47,-61.14048676334994,-43.52645584258887,6.999999420956892,-0.005989433929677561,-48.5297982108381,-40.16541245031852
48,-61.42883893835939,-43.610802170990404,6.999999531232194,-0.005797433070593257,-48.91339534207183,-40.26811676970173
49,-61.76775730330688,-43.709873525641676,6.999999568963541,-0.005087412492751739,-49.29699088524995,-40.37082434459891
50,-62.11851875428234,-43.8120611846468,6.99999886532643,-0.00419259263760122,-49.68058484037246,-40.47353565142674
51,-62.360508102322186,-43.88225547538155,6.99999978926907,-0.0036585902523501327,-50.06417704863386,-40.5762510871991
52,-62.75559200109976,-43.99608899190822,6.999999778776531,-0.0028125930924795513,-50.44776758943687,-40.67897104892991
53,-63.044087125683795,-44.07853704167951,6.999999421866543,-0.0018428039729585935,-50.83135654218427,-40.781696092438615
54,-63.358761089837685,-44.16776538517625,6.999999505748186,-0.0007139747072415386,-51.21494366866775,-40.8844266941419
55,-63.6027504589258,-44.23646079230861,6.99999903480684,-0.0006610151690481738,-51.59852912769287,-40.98716317165087
56,-64.01654171201004,-44.351995879347015,6.9999989071635085,9.214177334431641e-05,-51.98211276045404,-41.08990600138223
57,-64.42892764202443,-44.46600126616669,6.999998751146202,0.0011707132860575072,-52.36569464635405,-41.192655659752624
58,-64.7300924831599,-44.548595890794715,6.99999909825607,0.002593624177616735,-52.74927478539293,-41.29541262317875
59,-65.0861644871172,-44.6456717868998,6.999999174405482,0.003998632049042755,-53.13285309816786,-41.39817720927172
60,-65.38355972953913,-44.72636076949099,6.999999810606415,0.005387062302204686,-53.51642950527611,-41.5009500532538
61,-65.68306523116165,-44.807371292138825,6.999999470922115,0.006649730665235845,-53.90000416552317,-41.60373147273606
62,-65.98095285956616,-44.88783246385943,6.999999558131498,0.007645301415447828,-54.28357692010354,-41.70652194413521
63,-66.3277536982376,-44.98155813676183,6.999998831420792,0.007347475199497812,-54.66714776901718,-41.809321864465126
64,-66.61477982894958,-45.05933622917688,6.9999991815656255,0.0077355581923470845,-55.050716712264126,-41.9121317895453
65,-67.00364495956613,-45.16527181724598,6.99999974260566,0.007806815849648199,-55.43428367044156,-42.014952036986834
66,-67.362298630255,-45.26380916213894,6.9999997657772655,0.007647062852551853,-55.81784872295231,-42.11778316260915
67,-67.6367220477135,-45.339907581119796,6.999999423586512,0.007255917577348409,-56.2014118697963,-42.22062556342622
68,-68.08279569109351,-45.46518041991187,6.999999801307674,0.0064454345509132125,-56.58497295216807,-42.32347971585464
69,-68.42718159768206,-45.56341017298869,6.999999386559559,0.005442624077642662,-56.96853204947031,-42.42634593750559
70,-68.80867594122094,-45.67390244869981,6.999999389092714,0.004239636979428082,-57.35208908230032,-42.52922486360128
71,-69.14991249916467,-45.77430642809664,6.9999994512113615,0.0028331645846803245,-57.735644130060805,-42.63211681175285
72,-69.51171548478344,-45.88239096344417,6.999999475392587,0.0012136517680630505,-58.11919703394626,-42.73502233777971
73,-69.83619667119008,-45.98074610068706,6.999999533937793,-0.0005132090930652368,-58.502747873359446,-42.837941759293045
74,-70.16486076114754,-46.08163655202314,6.999999598922956,-0.0003048312382288284,-58.88629664830032,-42.940875552709485
75,-70.4246170725055,-46.162191435357165,6.999999211875225,-0.0018060045637320044,-59.269843279366185,-43.0438242738485
76,-70.75031467300477,-46.26408398095836,6.99999979914921,-0.0032920870538043273,-59.65338776655699,-43.14678824032121
77,-71.16321723854342,-46.39438233795746,6.999999250859892,-0.004476456215270519,-60.036930109872735,-43.24976792854429
78,-71.50227554710426,-46.502071843548435,6.999999799667481,-0.0060660050687726935,-60.42046911827175,-43.35276746746229
79,-71.85237764142593,-46.613608493288005,6.999999816556165,-0.008598550040776396,-60.80399446939265,-43.4558220325066
80,-72.21821796027305,-46.73020654476772,6.970196208134079,-0.015954632931504977,-61.18749115611008,-43.55898260026176
81,-72.62976688306833,-46.860971761903485,6.656745460182517,-0.036624992138357675,-61.57094393309039,-43.66230030611786
82,-72.97989425859221,-46.97145944199525,6.290863113277288,-0.07236670752959463,-61.95433779320817,-43.76582612665948
83,-73.26567174256955,-47.06060622588067,5.9819001238938805,-0.12033530848028816,-62.337657570532514,-43.86961119727669
84,-73.61513296146352,-47.16686796866298,5.625797673272948,-0.1811165559581936,-62.7208881785353,-43.9737066533596
85,-73.93850986082751,-47.259429404864775,5.14243875758735,-0.20690748402301468,-63.10401453068839,-44.07816347149277
86,-74.12255555109728,-47.30750609190572,4.81063991941385,-0.25352495743892794,-63.48702146106088,-44.18303286646905
87,-74.42168668804025,-47.37286141795232,4.559425980354133,-0.2737433294185827,-63.86989388312462,-44.28836573547024
88,-74.65249394838357,-47.40679755477116,4.241259997168381,-0.2484240281102352,-64.25261663094868,-44.39421337269197
89,-74.89475531640092,-47.41752237276686,4.296384343285752,-0.19466022024108331,-64.63517469740773,-44.50062667531605
90,-75.07807017103575,-47.39994301043312,4.249796130495531,-0.111652825491603,-65.01755291657084,-44.60765677873252
91,-75.12112955544386,-47.391654723354726,4.193470303671857,-0.07152105234190119,-65.39973620190987,-44.71535481833154
92,-75.39846275994113,-47.28254198106287,4.51739587853794,0.022159787012341732,-65.78170930809112,-44.82377192950319
93,-75.57051872484597,-47.15360613862607,5.040740968618703,0.07088841517059741,-66.16345730739206,-44.932959009429226
94,-75.6925279208545,-47.02253708914617,5.341043168835581,0.09207839541564275,-66.54496503388171,-45.04296727290255
95,-75.78721322253443,-46.89073314361533,5.4708359693723265,0.09246852498095096,-66.92621732162918,-45.153847775910464
96,-75.87087777927529,-46.749839493118216,5.7885393849020295,0.07418823137378806,-67.30719956052305,-45.26565006578749
97,-75.97360173084091,-46.5469186999426,5.885235433785057,0.04304788977100242,-67.68791969084123,-45.37835127453309
98,-76.06517535827655,-46.346674945121585,6.088847728278465,0.006594199280108295,-68.06841796979303,-45.49182356367199
99,-76.1316770062805,-46.19670676388846,6.138303088711734,-0.018068599386180866,-68.44873743368503,-45.60593107504819
100,-76.25213561985994,-45.9273732621776,6.2235417715442845,-0.045157974099916544,-68.82892096001824,-45.72053810931126
101,-76.35007561292136,-45.7147924607725,6.350969102307194,-0.057203383387447584,-69.20901142629369,-45.8355088083052
102,-76.44140063562195,-45.52159924392569,6.3053020960196156,-0.06358477929869151,-69.58905186881795,-45.9507072344712
103,-76.54072447548685,-45.31486164343805,6.38902131440125,-0.052109455428920044,-69.96908508568926,-46.06599768845884
104,-76.61992330683543,-45.1508478595166,6.330370839046246,-0.04723634836284413,-70.34915403381143,-46.1812443121121
105,-76.70693949961955,-44.96968942031095,6.373203144203457,-0.02390116069236264,-70.72930159068547,-46.29631124727498
106,-76.86307415645574,-44.638021149644246,6.431513926235865,0.012030165044320858,-71.10957071321515,-46.41106263579147
107,-76.94386966056165,-44.460977812128235,6.3449264939461125,0.02491590939981072,-71.4900043583043,-46.52536277831116
108,-77.02235760873744,-44.28487601841632,6.441216260535837,0.05484676041462155,-71.87064540345393,-46.63907573727521
109,-77.1212089620702,-44.05797633360219,6.350709746322464,0.0653878458568143,-72.25153672616509,-46.752065654527655
110,-77.20715597005359,-43.85668293590033,6.432634250875337,0.09129571996893938,-72.6327212833415,-46.86419683071806
111,-77.32251923330959,-43.58375382183798,6.645779895308123,0.11248403421602715,-73.01424203188701,-46.97533340769039
112,-77.40227051372594,-43.39566172459834,6.681272336369803,0.11488647856565773,-73.39614176989987,-47.085339447885865
113,-77.54991724980066,-43.05634398585122,6.817611330319258,0.12271995839311785,-73.77846353368665,-47.19407917255129
114,-77.6755336634406,-42.78301694999293,6.978456912891362,0.1248588826906768,-74.16122121873379,-47.30089401503211
115,-77.84308388046144,-42.44600756844681,6.999999781419657,0.1194604078522984,-74.54302932593887,-47.379923442825365
116,-78.03347334215727,-42.10229256975494,6.999999338262631,0.10837100230141833,-74.9205106168746,-47.3694310007151
117,-78.21354950428982,-41.81183971049379,6.999999458286487,0.09431380821268374,-75.2868238274479,-47.22289301204104
118,-78.39938556623692,-41.54198330952292,6.999998611985601,0.09104904526516135,-75.62057975448423,-46.97265284925174
119,-78.6122868200027,-41.263395160150694,6.999999004505667,0.07739067834209006,-75.89759739307605,-46.67109903711896
120,-78.93268356590335,-40.89302488974203,6.999999580284603,0.046177312616445705,-76.11357700330181,-46.34407781564533
121,-79.1272141258005,-40.691172689818195,6.9999992284214585,0.0427376252725121,-76.28056239878087,-45.99561593799591
122,-79.39495961457042,-40.43606591037595,6.999999322165481,0.02778447683476353,-76.41108246471349,-45.62909254826484
123,-79.56390874325494,-40.28653511458745,6.999999520797601,0.010934083697195004,-76.51766783316106,-45.24789306336582
124,-79.82705307015266,-40.067870268624695,6.999999880864485,-0.0032826560895002645,-76.61331364244612,-44.85703955030704
125,-80.03895142243591,-39.90235424073408,6.999999107166316,-0.00117747464199104,-76.71210014927796,-44.465377161131805
126,-80.26003269628632,-39.73762738248705,6.999999351779236,-0.01124955208903279,-76.82826204877239,-44.08229622736867
127,-80.59980476816494,-39.49661149599415,6.9999997944376595,-0.01799370957491405,-76.97603435365633,-43.71718692174063
128,-80.7834236921336,-39.37096425726155,6.999999541856875,-0.027353927921126533,-77.16938560092811,-43.37930157374515
129,-81.03647541160025,-39.20139928272153,6.999999677209271,-0.022715824393902958,-77.411002621846,-43.07204306890745
130,-81.36865161751072,-38.982609798812554,6.99999902577289,-0.026542644806971383,-77.68835303748739,-42.79092387973213
131,-81.79730280136143,-38.701848600002464,6.999999542071988,-0.038681420046872673,-77.987540726189,-42.52928044554704
132,-82.12122415280899,-38.487844875330936,6.999999539154026,-0.04399709431617796,-78.29349972513468,-42.27387664059346
133,-82.38624699511566,-38.310028312468006,6.999998930573687,-0.043426177052134154,-78.59362206395569,-42.012490789025605
134,-82.67045348232014,-38.115225134756464,6.999999083154386,-0.047306728303176,-78.88647396665964,-41.74378265132554
135,-83.08063628566268,-37.82398424419517,6.999998559385538,-0.04971166291250475,-79.17345363679357,-41.46917028173527
136,-83.3971676061699,-37.58920812254699,6.999999543158106,-0.04983634657537941,-79.45595943671013,-41.19007165509405
137,-83.71154422836,-37.34558712908737,6.999998757783597,-0.04687389928520633,-79.73538949055369,-40.90790482564384
138,-83.9933596782503,-37.11626014544379,6.999999039033385,-0.04001117755811203,-80.01314224007962,-40.62408768882112
139,-84.27158316541961,-36.87855301069633,6.999999705138466,-0.029730088547797504,-80.29061588883505,-40.340038378270656
140,-84.4888491672241,-36.68417950163787,6.999999776023694,-0.01642975310826215,-80.56920879917261,-40.05717471002613
141,-84.80363724859303,-36.38770630851432,6.999999127228008,-0.0014517528191563122,-80.85031925404219,-39.776914817732326
142,-84.98597699091266,-36.20747552536354,6.999999398557863,0.014554884487055948,-81.13514480616664,-39.50047165825137
143,-85.27083815520389,-35.91352083850248,6.999999820865648,0.029999871178271752,-81.42338944198336,-39.22753214642305
144,-85.4495678728768,-35.72177139907766,6.9999994913242105,0.03016204599027125,-81.7140833359416,-38.95709461618193
145,-85.71824759709342,-35.42441361868662,6.99999847674497,0.04018929686996302,-82.00625340697655,-38.68815430475413
146,-85.91399272443842,-35.202648436580944,6.999999012316749,0.05175221723938048,-82.29892649462067,-38.419706369963016
147,-86.14372959631791,-34.9390429277112,6.999999146711277,0.06141635975211235,-82.59112951780921,-38.15074581082641
148,-86.49033940699648,-34.54095898977641,6.999998547124095,0.06717747493142237,-82.88188939547733,-37.88026778516766
149,-86.71412628740165,-34.28812196018511,6.999998888466146,0.07338491002870531,-83.17023288775475,-37.60726737140733
150,-87.01359634327252,-33.96016209969113,6.978686319819762,0.07850435978844571,-83.45518707238226,-37.33073988617439
151,-87.23820600915899,-33.7245495930246,6.9708192542333265,0.0853742886511261,-83.73628109087643,-37.05021193009642
152,-87.46522501789846,-33.497187287407066,6.999998488899785,0.0930719903037782,-84.01505432492661,-36.767337066059966
153,-87.69564380405605,-33.27863347169995,6.999999418893315,0.10159553247750126,-84.29354821999793,-36.48430061736689
154,-87.99049333037185,-33.017784922353286,6.999999758532789,0.10831773164279508,-84.57380445976386,-36.20328782791631
155,-88.29393007914554,-32.77209685006812,6.999998001236701,0.11157442563477495,-84.8578613135784,-35.92648005087116
156,-88.58383998205707,-32.559086553747946,6.999998994391622,0.11042692025194019,-85.14705378037598,-35.65528914705657
157,-88.91557885442262,-32.34090355921253,6.988827992195359,0.11044060143386636,-85.44115302134564,-35.38941465635435
158,-89.22953359147778,-32.15851648766847,6.999999646649762,0.1036585034534956,-85.73971962150469,-35.12832545357132
159,-89.55759743474935,-31.992016033552396,6.9999998398125065,0.09253903355491347,-86.04231400706499,-34.87149033411153
160,-89.960846111848,-31.820143282555307,6.999999434055772,0.07804430394734992,-86.34856933718437,-34.61851315750723
161,-90.22911747794848,-31.72465685682521,6.999999539155245,0.061393878154810226,-86.65865188128356,-34.369985871480814
162,-90.61477419502421,-31.612133497559594,6.999999514732623,0.044074094993256915,-86.97296484667764,-34.12694007694567
163,-91.45437639610668,-31.458131104282877,6.999999476400597,0.01613936901768272,-87.29191255232067,-33.890409518690234
164,-91.7740678321821,-31.4286566329522,6.9999995544006515,-0.00031315752573250223,-87.61589923776391,-33.661427623891825
165,-92.14723213113709,-31.412021684813265,6.999999575388362,-0.013079862220467923,-87.94484748529719,-33.440015196078726
166,-92.5388532271499,-31.412181920121824,6.999999579948684,-0.02178749610110609,-88.2767773866096,-33.22219510882313
167,-93.09405652403038,-31.437330780581615,6.999999833795503,-0.02148716093513581,-88.60988864247783,-33.00453946472422
168,-93.41783930214402,-31.46207086511472,6.999999503859341,-0.02138043504506711,-88.95189348608504,-32.80613994752702
169,-93.69167098851158,-31.486916111182293,6.999998960369766,-0.013411796178219706,-89.31657219043896,-32.66044767785914
170,-94.04105496222662,-31.522041997098523,6.999999102414697,-0.00858815532829847,-89.70125054932335,-32.561877146587975
171,-94.37909555883999,-31.557851046386087,6.999999756792748,-0.0019943616373554788,-90.09082496300456,-32.47535487549179
172,-94.6747751100747,-31.589483150698694,6.9999993512001835,0.005590092890190305,-90.47570429032427,-32.37866182294576
173,-95.1188733450139,-31.63585463700338,6.999999139992723,0.015950246681983093,-90.8588766166868,-32.27893971316114
174,-95.4014176958238,-31.66409253000838,6.999999360155435,0.02392633500254936,-91.24448557614885,-32.186151292305055
175,-95.61216612358915,-31.684440719936966,6.999999583636501,0.026514638858988256,-91.63320021653186,-32.10303897358152
176,-96.00799936843411,-31.721254357457255,6.999999588385039,0.03147186031061943,-92.02418228269094,-32.02921257173123
177,-96.38808600898676,-31.755543133290196,6.999999006120004,0.03479405751983015,-92.4165871672588,-31.964268958841885
178,-96.75167837673526,-31.78834651287361,6.999999738284269,0.03812093687089625,-92.80958392014628,-31.90780595983449
179,-97.14857047157412,-31.825591233798384,6.9999991216513235,0.04296910004429519,-93.20282285151173,-31.859450222839023
180,-97.5282568930069,-31.864110517256478,6.999999335946708,0.05018604071329969,-93.59655876487508,-31.81886436544476
181,-97.94047026454851,-31.910879682995983,6.999999120650657,0.058962782168368214,-93.99108465649331,-31.78571370493533
182,-98.28196665720779,-31.954923898388916,6.999998689834142,0.068196245286837,-94.38669360202611,-31.759663082177862
183,-98.55518945150943,-31.994376553648216,6.999999613162469,0.076032758128105,-94.7836310354655,-31.740499141903356
184,-99.018683046442,-32.071779817093784,6.999999076609897,0.08067989088327696,-95.181470802093,-31.729721961425223
185,-99.3804102931386,-32.1430427635656,6.999999485539579,0.08191480661127035,-95.57928944758108,-31.730100236267543
186,-99.70605356201125,-32.21691095387109,6.999998654673646,0.08192880424688538,-95.97615192479644,-31.74443212038565
187,-100.0384093977217,-32.30316611079614,6.999999757614134,0.07846509246021964,-96.37112644211976,-31.77550218985954
188,-100.40892926109419,-32.413965757528,6.9999997812176495,0.07184234741698803,-96.76383798022268,-31.823677523739587
189,-100.78554081074965,-32.54437874130098,6.999999285359643,0.06277783140000912,-97.15510017938844,-31.88416767292595
190,-101.19316865717292,-32.70852447962719,6.999999208712668,0.0522195718246369,-97.5458792126399,-31.95151949271972
191,-101.47639436280286,-32.837834662341805,6.999999815632718,0.04051677990195105,-97.9371411735973,-32.02027983842191
192,-101.94247544659738,-33.08006227243595,6.999999716890851,0.030388734141040565,-98.3297461531699,-32.085367964370235
193,-102.20939479921773,-33.23598146822419,6.999999288770041,0.018970018352468036,-98.72084589424844,-32.15471454079467
194,-102.64482049673259,-33.51790565228014,6.999998941584244,0.011029117839737146,-99.10300305607296,-32.25235137477979
195,-102.936913930641,-33.725942723719335,6.999999724359557,0.002952258898946848,-99.471278944554,-32.394253511566
196,-103.18023216175266,-33.91036360165974,6.999999383699277,-0.0023793995915302522,-99.83124850825445,-32.56218673802587
197,-103.4664170431273,-34.13913571596021,6.999999459827196,-0.0025693917604233145,-100.18945191592684,-32.73468919744148
198,-103.79411449056602,-34.41498340433742,6.999999806934727,0.0022932072209071604,-100.54675219638334,-32.9084437592896
199,-104.14594612196112,-34.72429715067492,6.999999574903818,0.011227405813002234,-100.90268428754348,-33.08437721281446
200,-104.42666630761299,-34.978436728552424,6.999999351619257,0.018907569617894762,-101.25678328613232,-33.263416426663056
201,-104.74756177537891,-35.27465935455116,6.999998124222952,0.0256000895017397,-101.60858413006932,-33.44648819007964
202,-104.97138292360167,-35.48407869737674,6.999999761431232,0.028232441112062776,-101.9576219954824,-33.63451929230843
203,-105.25808711124671,-35.75528801193527,6.999999440856243,0.03030586155229154,-102.3034317408883,-33.828436522593655
204,-105.47598608014601,-35.96377554623946,6.999999472147181,0.032074113362225265,-102.64554846301203,-34.02916667017954
205,-105.74825988430193,-36.22771616533996,6.999999505510847,0.03485616531402108,-102.98350725857873,-34.23763668311589
206,-106.08070128256313,-36.55650475669115,6.999999439323556,0.03828750416410706,-103.31716440855716,-34.45412931470106
207,-106.39269532760623,-36.873576779660006,6.999999092619011,0.041514504990447676,-103.64856929869045,-34.674532374379105
208,-106.6243268176456,-37.11574160779994,6.999998963157675,0.043608545813230135,-103.9805134131004,-34.893157844028806
209,-106.841990434244,-37.34971634710491,6.999999774138221,0.0443237594041444,-104.30994093581172,-35.11305359934758
210,-107.06233162364602,-37.59393902299484,6.999987509979065,0.04417675317954139,-104.62669013729142,-35.347886208562684
211,-107.27832133526552,-37.84173657632963,6.999998865078483,0.04355882700336023,-104.923471286547,-35.607690674370765
212,-107.55348633254792,-38.17158346421883,6.999998634387385,0.04402771042774353,-105.20515598231906,-35.88676039840021
213,-107.74222252089965,-38.408368722906,6.999999312952112,0.04652046605243045,-105.47941651819262,-36.17576372777663
214,-107.90803704687693,-38.624290475442585,6.999999513853632,0.05047280110258101,-105.75392534655822,-36.46536900962569
215,-108.14008385017952,-38.94087504427026,6.999999377914371,0.05400970415779363,-106.03565792220644,-36.74700018792427
216,-108.32480005289399,-39.20644632436366,6.999995593383083,0.05691620836018502,-106.32225137722008,-37.02220680791754
217,-108.50545865228885,-39.479626602309764,6.999984626472818,0.05808074117918237,-106.6046735660097,-37.2997697053973
218,-108.71611028398284,-39.8180031383887,6.99999600088757,0.058157848055047874,-106.87374846514902,-37.58862582202024
219,-108.87958902655087,-40.097942387630155,6.999999331730035,0.0568322714304697,-107.12035499793537,-37.8976589789834
220,-109.0145249115711,-40.34236680892825,6.9999994719381675,0.0548698664975522,-107.34345894316364,-38.22793912874275
221,-109.23566092410103,-40.7758789368574,6.999999857272701,0.05273241203618754,-107.55856488460478,-38.56455522330531
222,-109.36234734683259,-41.04664692547286,6.999999413421411,0.04986057676763002,-107.7808406588412,-38.89314861981627
223,-109.55192143780944,-41.49182880049898,6.99999975456203,0.04698385002443299,-108.00969924112276,-39.2160998930127
224,-109.6816818993364,-41.83227886314146,6.999999826921972,0.04358914573146701,-108.23705322013252,-39.54236893195458
225,-109.83295336197203,-42.27891071437254,6.9999998218379025,0.04092147268065945,-108.44782083190118,-39.87908150089444
226,-109.9441152211396,-42.65337125092776,6.9999994189006,0.038175034000238466,-108.6247079128098,-40.232353598935845
227,-110.03011757998398,-42.98022247371854,6.999999490697927,0.035461042051974874,-108.77101333074224,-40.600230567851845
228,-110.12483341080558,-43.39233682101215,6.999999463236814,0.033887239063341554,-108.91453186991404,-40.97116406736818
229,-110.21179993283944,-43.841646272946285,6.999999384139407,0.03349980901758892,-109.07480574544208,-41.33659852737896
230,-110.29004086652262,-44.340974284815196,6.999999744980004,0.03466327694697987,-109.23643574104392,-41.70079938580487
231,-110.33026890830688,-44.65726718665732,6.999999802184724,0.03470129192145499,-109.37764310350808,-42.07050460372263
232,-110.36989603651112,-45.04025280153803,6.9999998084986785,0.03578501675527408,-109.49628316375583,-42.446970491912
233,-110.39621464712239,-45.36731463643079,6.999999843872813,0.03676720671579262,-109.60345047517556,-42.827706105772215
234,-110.42076966174966,-45.79761810329902,6.9999994109638175,0.03854539626485639,-109.70344096635546,-43.2114494175233
235,-110.4333826676462,-46.18879319589727,6.999999434627103,0.04003876635441613,-109.7956032962939,-43.59785256358753
236,-110.43699208443581,-46.53334557174602,6.999999355882497,0.04310855004030788,-109.87918512365356,-43.98658657824878
237,-110.43259137167756,-46.922023968214845,6.999998343365461,0.04435205688579941,-109.95343402769444,-44.37732217817978
238,-110.41984253167455,-47.29665408812594,6.9999986306429065,0.04498108640418148,-110.01759766707916,-44.769730318261615
239,-110.39941752444317,-47.65776484145445,6.99999888272218,0.04522985894447304,-110.07092362106764,-45.163481715167
240,-110.36698166964703,-48.05920655353752,6.999999640889598,0.04546374546849124,-110.1126594689198,-45.558247403179806
241,-110.3172099396157,-48.5159088677792,6.9999985552811115,0.04585700198754915,-110.14205278989552,-45.95369817837556
242,-110.25227759303372,-48.977249829644734,6.999999477443343,0.04343995719796928,-110.15837188738026,-46.34950825114928
243,-110.18810875835601,-49.35338743973221,6.999998105674571,0.04477704430489175,-110.16152346310788,-46.74545696117629
244,-110.10113085980049,-49.78524614458268,6.999999488192778,0.041163201209159,-110.15216155777443,-47.1414466430376
245,-110.01710571893283,-50.1467202472026,6.9999983217706285,0.04210562834907424,-110.13098261316044,-47.53738661875886
246,-109.89944423236358,-50.58950938771297,6.999999855360943,0.036812325200548,-110.09868291224068,-47.93318605156011
247,-109.73896734572887,-51.11221045859079,6.999999767689573,0.03480059385568067,-110.0559052205166,-48.32871241820208
248,-109.63399112444839,-51.41804025476905,6.999999375869194,0.03153798552534347,-110.00260999540384,-48.723300641002346
249,-109.49548987264669,-51.78964546872958,6.999999409339093,0.02819391704208575,-109.93828850329317,-49.11591959546418
250,-109.33789469228294,-52.17782753583918,6.999999419409072,0.02457465197307492,-109.86242272045004,-49.50553085203516
251,-109.19178715818332,-52.51224502335433,6.999999490092219,0.019875453752437686,-109.77450010193172,-49.8911039214408
252,-108.99517456398344,-52.93225517812401,6.999999435778492,0.015222672161380733,-109.67472884182644,-50.27263030758368
253,-108.82758184523979,-53.26849009819849,6.999999473037452,0.009310684755909347,-109.56474114367307,-50.65212112406711
254,-108.65121684925947,-53.605108216853246,6.999999495473687,0.003112250059990254,-109.44600683232588,-51.03132704337711
255,-108.48069577388658,-53.91703524408463,6.999999538034624,-0.0031399668555117145,-109.31787853692232,-51.408804602382176
256,-108.28101444689578,-54.268799590072334,6.999999533014351,-0.008609938390074831,-109.17892597519224,-51.78190508315832
257,-108.09651085379612,-54.58386234658658,6.999999562269884,-0.013519014158237851,-109.02933876097352,-52.14970264929465
258,-107.89798410348982,-54.91513857550921,6.999999572604927,-0.017314539657029754,-108.87117795221792,-52.51326320370535
259,-107.67364825063365,-55.283064840730326,6.999999546270037,-0.01970791015451432,-108.70660878332404,-52.87376333677952
260,-107.48738903045756,-55.58589586005523,6.999998779898433,-0.01671262407806797,-108.53779625048216,-53.23237971830893
261,-107.35459866346373,-55.801468426060126,6.999999776564083,-0.018952969923595613,-108.36654700513796,-53.59008225324723
262,-107.11622195798932,-56.19003142366864,6.999999110052766,-0.019491914451018354,-108.19342020166587,-53.94712264840589
263,-106.93658812650676,-56.485767769890565,6.999999237498008,-0.02034303385078599,-108.0187042309616,-54.30359642532889
264,-106.68807391348736,-56.9017917682805,6.999998985615505,-0.020547916858254668,-107.84268740451812,-54.65959934376848
265,-106.51467762667879,-57.198379990439605,6.999999156128531,-0.020607977486167033,-107.66565811323107,-55.01522684586582
266,-106.23419432599671,-57.69188896338194,6.9999995189209345,-0.019139415811336248,-107.48790450978802,-55.37057461197039
267,-106.01854770037403,-58.085054361089135,6.999999464289084,-0.01759233478011858,-107.3097150644874,-55.72573816362618
268,-105.89481026033644,-58.31684195057225,6.999998850949606,-0.017939071149446262,-107.13137800941932,-56.080813260585394
269,-105.72958836444926,-58.63400703740712,6.999999013499026,-0.016314322741143118,-106.95318173547965,-56.435895344989234
270,-105.52169199251635,-59.046411511995004,6.999998716038315,-0.014592129855782657,-106.775394465258,-56.79107723868711
271,-105.36300056175449,-59.372056753267614,6.9999988950062395,-0.011928989298074994,-106.5981570592855,-57.146434056708586
272,-105.18411675767189,-59.7510175566638,6.999998795091222,-0.009015506865460836,-106.42156106896714,-57.50203400604137
273,-105.05781202101856,-60.02650083983874,6.999999070244764,-0.0050127237327474055,-106.24569764869396,-57.85794513486767
274,-104.88558869411284,-60.412897008824544,6.9999997100675335,-0.0011793582419912364,-106.07065811166254,-58.214235650175205
275,-104.7654483096898,-60.68967257115922,6.999999021699502,0.0014762921295881058,-105.89653361226397,-58.57097367954891
276,-104.59940815311809,-61.0815163186032,6.97730095037232,-0.001591514638505214,-105.72341546369483,-58.92822735057376
277,-104.47889894906898,-61.37200026643042,6.955338830794575,-0.012363786302906576,-105.5513949791518,-59.286064949640256
278,-104.34988360795022,-61.68788515630216,6.935024933978237,-0.03129939659929005,-105.38056331302587,-59.64455444552778
279,-104.21191994588112,-62.03092217503668,6.767360360146528,-0.060865272290757375,-105.2110035206246,-60.00375419927938
280,-104.07113283150738,-62.3866123478444,6.40293927354475,-0.10421300758732495,-105.04269606886412,-60.36360100628247
281,-103.96536573715915,-62.65865796939972,5.923686092899633,-0.12608970771930475,-104.87555290006192,-60.72395003586693
282,-103.83880215123237,-62.994090790987656,5.45783693145583,-0.17737058609978076,-104.70948460668797,-61.08465486930706
283,-103.73208531457156,-63.295322274787566,5.229340649388636,-0.22215763372724018,-104.54440170180966,-61.445569167279935
284,-103.63739017332054,-63.59493220787072,5.209863456733967,-0.24546196190368322,-104.37982316338775,-61.80650331594774
285,-103.5640316524378,-63.89048479183981,5.345612715455245,-0.23063183873294169,-104.21281489990815,-62.16699654098007
286,-103.52449003221743,-64.17669080593905,5.312168250531183,-0.18164409699019513,-104.04024351887982,-62.52664237954782
287,-103.52301764150513,-64.43578388307324,5.474477340877632,-0.15334246695969642,-103.88065417471527,-62.88964544704252
288,-103.56532016141054,-64.73644241112436,5.858365378545583,-0.12420980207872288,-103.77601028363324,-63.26518716627941
289,-103.62443366899514,-64.94846634126672,6.047178434475958,-0.10282285751916158,-103.7381148306223,-63.65593189753008
290,-103.76484605172402,-65.27321717523063,6.445149609092439,-0.0886253612759908,-103.7432403594523,-64.05686972241166
291,-103.89310689906529,-65.48981631312218,6.62638583304762,-0.08884019775058062,-103.77952854139733,-64.45779309598736
292,-104.02289067994896,-65.67220922467023,6.8901088471077125,-0.09002673649272629,-103.8813143294254,-64.83243978709187
293,-104.21818521068013,-65.9068724400749,6.967422836248115,-0.10530274452589249,-104.08130325206314,-65.15657519394142
294,-104.53677451980063,-66.23132722195298,6.999998083358989,-0.12285964153239542,-104.36852922961958,-65.42695213986167
295,-104.73114154090894,-66.40762102414628,6.999999393732488,-0.12549122398460957,-104.69345874366854,-65.66061339927117
296,-105.014376414687,-66.64432525002935,6.999999481263035,-0.1240244591464777,-105.02794922581953,-65.87532597934188
297,-105.25530292695043,-66.83000434793409,6.999999574767518,-0.11288005373067198,-105.36504626301851,-66.08477050259303
298,-105.5494842141901,-67.03927696800235,6.999999605611351,-0.09488503255808202,-105.70218649532964,-66.2942086736218
299,-105.8209013807334,-67.21610305752323,6.999999231842964,-0.0910722467758278,-106.039339987905,-66.50369956809627
300,-106.0572139645577,-67.35788513598298,6.9999994193879544,-0.06837358346294063,-106.37651507803638,-66.71322373233542
301,-106.33845226135283,-67.51253870360314,6.999999502701749,-0.0421150160022818,-106.71372010301572,-66.92276171265824
302,-106.72063983336704,-67.69982865526178,6.999999465234677,-0.014333595193321249,-107.05096332073208,-67.13229429359205
303,-106.95286437428337,-67.80190365381263,6.999999586497345,0.011551294303912036,-107.38825306847728,-67.34180210085857
304,-107.33190967259316,-67.9520174288342,6.999999570982315,0.03461808823585607,-107.72559768354328,-67.55126560137406
305,-107.68999881789978,-68.07872990072988,6.999999577292887,0.0529216083760339,-108.06300542381908,-67.76066550026304
306,-108.02354435154376,-68.18690447299211,6.999998979441066,0.04968625140625306,-108.40048454719384,-67.96998250265005
307,-108.32460283194492,-68.27915971327772,6.999999209536004,0.05975099675232471,-108.73804347036211,-68.17919715485408
308,-108.85669822797183,-68.43735120059415,6.999999549797564,0.07288539016229398,-109.07569037181028,-68.38829008259688
309,-109.09521290910091,-68.50881466969201,6.999999752638372,0.07004368393064767,-109.41343366823295,-68.59724191160022
310,-109.48349345885883,-68.62952437534716,6.999999194854988,0.06933242937299199,-109.7512816175192,-68.80603326758585
311,-109.82699285131461,-68.74371301534535,6.999999788206624,0.06658090016598527,-110.08924255696095,-69.01464485567833
312,-110.20591019062627,-68.88066448252712,6.999999287568701,0.06089412168132789,-110.42732474444723,-69.22305722219664
313,-110.56113961149127,-69.02217179477827,6.99999934801529,0.053311222619688584,-110.76553643786714,-69.43125099286254
314,-110.8166784587719,-69.13297537249277,6.99999951113658,0.04444633310837432,-111.10388605391532,-69.63920679339779
315,-111.18571345413429,-69.30769920941884,6.999999508205615,0.034097325473365026,-111.44238177107808,-69.84690548773247
316,-111.50652780988862,-69.4746446311705,6.999999545702717,0.023427104414753853,-111.78102549502216,-70.05434072364424
317,-111.77998100995768,-69.62842425137602,6.999999679715785,0.02437620807269447,-112.11980801502506,-70.2615292551196
318,-112.08971210859238,-69.81538122466687,6.999999722130218,0.016447624220649038,-112.45871892932269,-70.46849013882567
319,-112.36708353434469,-69.99401492331224,6.99999926710784,0.006978426822780617,-112.79774783615088,-70.67524235202679
320,-112.6451851104775,-70.18341634738289,6.999999372278282,-0.002550694927217706,-113.13688441314828,-70.88180503079282
321,-112.99211476848495,-70.43301549238774,6.999999315360193,-0.010661586661571213,-113.47611825855078,-71.08819715238816
322,-113.28524927119918,-70.6538015811572,6.9999993615685225,-0.018700134462701936,-113.81543889119146,-71.29443785288268
323,-113.50368317906107,-70.82314863787057,6.99999951148694,-0.026660945996054754,-114.15483606811176,-71.50054603013794
324,-113.8318298934198,-71.08332896769384,6.999999487289619,-0.03148662959432015,-114.4942993081447,-71.70654082022382
325,-114.12790728480549,-71.32189818452547,6.99999950417075,-0.03481167305095492,-114.833818288929,-71.91244120040471
326,-114.4717364638078,-71.60001260392578,6.999999454225519,-0.03543325303148515,-115.17338260870044,-72.11826630675048
327,-114.72272763528349,-71.8017570429795,6.999999535499873,-0.03552933215760016,-115.51298194509776,-72.32403511652545
328,-115.26841739482316,-72.23006762631478,6.999999008016538,-0.030740986488263813,-115.85260581695395,-72.52976676579955
329,-115.57592453736302,-72.46249098887449,6.999999059657619,-0.027197133694301205,-116.19224390190774,-72.73548015243432
330,-116.06943157552345,-72.81806408623915,6.999999441510557,-0.018535704232759548,-116.53188579819496,-72.94119433309689
331,-116.39863775738363,-73.04269206397107,6.99999944269965,-0.012765527906346032,-116.87152118345422,-73.14692844385716
