,x,y,v,delta
0,0.1,1.0,2.9620922395732756,0.0018843743808698078
1,0.1,1.0,5.09042807387953,0.0016756654217167694
2,0.10542497088851523,1.000000072732167,6.469675594137227,0.0014498996849367713
3,0.13083864323048058,0.9999993783248163,7.0,0.0013731223524322638
4,0.18580801958177928,1.0000092113718322,7.0,0.001370614063194878
5,0.32289867798420635,1.0001049383940435,7.0,0.0013705321182531146
6,0.4212374314068755,1.0002051196137252,7.0,0.0013705294411406066
7,0.5562387391252521,1.0003760790791412,7.0,0.0013705293536807905
8,0.7173771752721924,1.0006253671975724,7.0,0.0013705293508241266
9,1.0332491090513047,1.0012442887642787,7.0,0.0013705293507613988
10,1.2401529298145662,1.0017354233489988,7.0,0.0013705293507610906
11,1.461674766941966,1.0023325781605015,7.0,0.0013705293507635043
12,1.733149427907095,1.0031636764915548,7.0,-0.0012811670949908133
13,2.1515136280444684,1.0046544944240456,7.0,-0.0013677756996917979
14,2.365221245482371,1.0055038841274477,7.0,-0.001370577643002782
15,2.6896495437069023,1.0068258111185138,7.0,-0.0013707000362178803
16,3.0551780314274235,1.008276902210214,7.0,-0.001370706281951902
17,3.3969606077840586,1.0095469176643113,7.0,-0.0013707092985549769
18,3.7406534170380454,1.0106802236992731,7.0,-0.0013707126403267548
19,4.372200862862341,1.0122890912926799,7.0,0.0012809739085660231
20,4.806199512446824,1.013004577186715,7.0,0.0013676036054012172
21,5.024577843728893,1.0132459252756623,7.0,0.0013704942867516132
22,5.614525924335085,1.0136847226486156,7.0,0.001370625032319959
23,6.246847632691653,1.014052316886858,7.0,0.001370676138746946
24,6.553206026042997,1.0143046768380757,7.0,-0.0012814589037019465
25,7.167161340049883,1.015145513593182,7.0,-0.0013679969221743829
26,7.643266241939355,1.0161732876718388,7.0,-0.001370876330290637
27,8.032329573492838,1.017210591683561,7.0,-0.0013710046846342634
28,8.340146009058088,1.0181516726479078,7.0,-0.001371061246775495
29,8.823275786486452,1.019717620371703,7.0,-0.004024039851968379
30,9.328609060921712,1.0213297694300434,7.0,-0.0014574084482875255
31,9.855042637806104,1.0227444641086934,7.0,-0.001374253919866224
32,10.214317139938592,1.0233816303158865,7.0,0.0012829499244254576
33,10.663637848463118,1.023742705643762,7.0,0.0013690489279207332
34,11.669049348510354,1.022592768181969,7.0,0.0013727348287540257
35,12.673718775897022,1.0196726915160523,7.0,0.0013746786630734226
36,13.391642624013757,1.0174954609576052,7.0,0.0013758530200479642
37,13.748663267697179,1.0166000286240198,7.0,-0.001294010362163174
38,14.21712911422429,1.0157261741584263,7.0,-0.0013761490542351683
39,14.585820960878818,1.0153143908730986,6.880192319596084,-0.001395474338659356
40,15.151423057065951,1.015092103261483,6.607562649319306,-0.0014343412286906955
41,15.55311624791744,1.0151817087541264,6.243602586372971,-0.0014886459453421982
42,16.02152383395259,1.0154238478787405,5.79283601447864,-0.00156088206120108
43,16.494371655241807,1.0156812424981372,6.313967145578307,0.08078270569246279
44,16.878198482150626,1.015756020603448,6.686373909839474,0.08080823224944225
45,17.24720032292301,1.0158431042556384,6.852011505554543,0.08232586547604441
46,17.670410239401576,1.019652867746937,6.951829496404701,0.06287410142602969
47,17.950551343746397,1.0259214124396763,7.0,0.03529623021664122
48,18.444016416514472,1.0483565959271286,7.0,0.005080838562736903
49,18.793517422110853,1.0748280162477584,7.0,-0.02251447290490048
50,19.179384875824788,1.1143203712488334,7.0,-0.05778396385081854
51,19.609843679080033,1.1697605905821282,7.0,-0.13282303059710523
52,19.886888635011854,1.210489955407327,7.0,-0.13787508915592522
53,19.886888635011854,1.210489955407327,7.0,-0.1380378296954137
54,19.886888635011854,1.210489955407327,7.0,-0.13804307027347232
55,19.886888635011854,1.210489955407327,7.0,-0.13804323617220426
56,19.886888635011854,1.210489955407327,7.0,-0.1380432472797586
57,19.886888635011854,1.210489955407327,7.0,-0.13804324236063079
