,x,y,v,delta
0,0.1,1.0,2.550245521773467,0.00183399476623606
1,0.1,1.0,4.379500580394635,0.001755298195804976
2,0.11173748838742695,1.0000004470606523,5.557200032874448,0.0015507976675058867
3,0.13756733470972501,1.0000071682671334,6.0,0.0014759206194419933
4,0.2062620471562612,1.0000621980423392,6.0,0.0014722484873716556
5,0.28475002384766995,1.000141745005107,6.0,0.0014720683981402582
6,0.4022783690232398,1.0002877227742515,6.0,0.0014720595661988892
7,0.5416323918821728,1.0004983773936036,6.0,0.0014720591331001333
8,0.6848905910405183,1.0007543709174638,6.0,0.0014720591119293165
9,0.8609650747256768,1.001121830620949,6.0,0.0014720591109522712
10,1.053549415243629,1.001590236602835,6.0,0.001472059111156523
11,1.2221551561932087,1.0020572394189322,6.0,-0.0013278673932420428
12,1.4332071824303692,1.0027162087325916,6.0,-0.0014651611899624028
13,1.6969110498809354,1.003644200310337,6.0,-0.0014718946362839108
14,1.9406961574756862,1.0045348671781857,6.0,-0.0014722267826038768
15,2.2214633296912187,1.0055291562375788,6.0,-0.0014722451021344455
16,2.5119829898457233,1.0064848483598643,6.0,0.0013276640665776935
17,3.0994607394403446,1.0080092954782036,6.0,0.0014649792307957115
18,3.6702322526108304,1.0089057010225873,6.0,0.0014717149113787325
19,4.027841232785756,1.0090450750415192,6.0,0.0014720917812480222
20,4.512974423122512,1.008720672996683,6.0,0.004271958080786548
21,4.888242644034752,1.0081708549454933,6.0,0.0044092670241685965
22,5.258068074806024,1.0075208502465254,6.0,0.001616106713394338
23,5.902164107433088,1.006821871337586,6.0,0.0014791362795687662
24,6.175821321232682,1.0068916478176027,6.0,-0.0013277549872198985
25,6.501460676710195,1.0073372024019538,6.0,-0.0014653171569504215
26,7.017602419286632,1.008839294163206,6.0,-0.004272705053146438
27,7.444509908130066,1.0106136594215576,6.0,-0.004410345466377508
28,7.821415438126561,1.012378020099516,6.0,-0.001616311201993341
29,8.247449559300797,1.0142300887425135,6.0,-0.001479692665571061
30,8.734228615963447,1.0157618607727168,6.0,0.0013283282423076574
31,9.236728469034267,1.0164358652607441,6.0,0.0014656546804266385
32,9.612173439903568,1.0162778231960488,6.0,0.004274473566804972
33,10.004086235910327,1.0156342288187894,6.0,0.0016095566904918593
34,10.805067892129458,1.013702426426039,6.0,-0.001324933335618747
35,11.358372027324119,1.0129296553956277,6.0,-0.0014675622588119317
36,11.835299474497907,1.0130920976210123,6.0,-0.004283380129623806
37,12.14813277581554,1.0135742895670112,6.0,-0.0044203136065677
38,12.411314495449188,1.0141766388952151,6.0,-0.0016169239660980199
39,13.04511680700723,1.0156859600320194,6.0,-0.0014845324570058745
40,13.4082395730822,1.0162294549745627,6.0,0.0013408422835006495
41,13.805808124317748,1.0163734141091783,6.0,0.0014744127662715087
42,14.089153641180769,1.0161476787078023,6.0,0.0014819977936650235
43,14.403954629634365,1.0155817551770339,5.96054236167152,0.004335174963775341
44,14.820279745060148,1.0144320287653221,5.839969392472503,0.0016414970372129747
45,15.17652516183876,1.0132391071964633,5.614943574267207,0.0015536564648963222
46,15.569062080421482,1.012010594700473,5.36681127824347,0.001590468031220873
47,15.92806920326729,1.0110924513900534,5.0467932899781935,-0.001470253124303558
48,16.510211591679454,1.01050445736397,4.662564042422397,-0.0017120528323986124
49,16.7364252428506,1.0107032679401533,4.244838570672709,-0.0051840575629621
50,17.011798943445335,1.011377992945045,4.778503114924181,0.09940887440141472
51,17.4104257562087,1.0132534982881936,5.103616756401145,0.10257349723833485
52,17.587973648663795,1.0145028337906603,5.314808991472609,0.10054353379678284
53,17.75725954957788,1.0171402840710209,5.4716047593066985,0.08695816140226859
54,18.036336922753733,1.0262631775163102,5.534512420204819,0.062112280294517576
55,18.399345466598735,1.0495026680503579,5.669738756457493,0.01620084141284202
56,18.74626389859458,1.0861318829394708,5.917475291370028,-0.026267861329244774
57,19.080041575815958,1.1342935653032036,6.0,-0.06719756974987676
58,19.585236166095715,1.2250395371827434,6.0,-0.12206105473977999
59,19.82581020495922,1.2722994701886485,6.0,-0.16369864156289363
60,20.24400699917537,1.3539294894690868,6.0,-0.15185537070331556
61,20.58646347400682,1.4138081386977708,6.0,-0.12629220439755204
62,20.94878031430636,1.4633066360278941,6.0,-0.06919166185419627
63,21.6679305413506,1.4986721499345665,6.0,0.026088498866297875
64,22.1531369745821,1.4660346839617893,6.0,0.07827912546429876
65,22.405728243502523,1.4306279495530934,6.0,0.14764963733326694
66,23.13371519199618,1.2695325006518954,6.0,0.1648450150685842
67,23.63415155637332,1.1326632200512083,6.0,0.13514004490103335
68,23.9737690019268,1.0437088055815142,6.0,0.08912356582741879
69,24.4677694691222,0.9378385629092277,6.0,0.022567687602380294
70,24.814860437518632,0.8814765035774776,6.0,0.013705803563428518
71,25.23234716368981,0.8506155769735226,6.0,-0.07906839207194635
72,25.533230066265915,0.8490267953245321,6.0,-0.10870898205919345
73,26.266754616538623,0.9023814221407558,6.0,-0.11293694980091748
74,26.70812661618626,0.9557736562386088,6.0,-0.07687144864444481
75,27.16219319621101,1.0091614308945405,6.0,-0.02196732728893137
76,27.74361005959671,1.0540894733126291,6.0,0.025519701694878445
77,28.180065323989822,1.061709204025499,6.0,0.08098308864478726
78,28.650320251988866,1.0444377776693918,6.0,0.1060158326940329
79,28.898450678747288,1.0265631346423243,6.0,0.10444540772016814
80,29.280725741290976,0.9924093629667095,6.0,0.07925183949455492
81,30.145018677414967,0.9222549351552947,6.0,0.005285195112184963
82,30.345447009194466,0.9140215844415975,6.0,-0.04593055356398621
83,31.069209976216978,0.9239395386584799,6.0,-0.0959435863190622
84,31.59080874075356,0.9676736455216575,6.0,-0.11231507144639363
85,32.02097351750155,1.0187453362177246,6.0,-0.10196086491000113
86,32.510198269653024,1.0795244478737072,6.0,-0.07074773428876037
87,33.060100360080874,1.13271286079491,6.0,-0.013268766314448996
88,33.34081929890424,1.1480794452885286,6.0,0.039940275109201936
89,33.84217837801584,1.1506557996984672,6.0,0.07610015129066629
90,34.10363329395214,1.1393879519074903,6.0,0.10298674582576237
91,34.65477225608527,1.0935516908338179,6.0,0.09871755193006036
92,35.061425013140436,1.0491544511643065,6.0,0.07620363309088382
93,35.36426342742931,1.0164356125104999,6.0,0.027532576518634926
94,36.02072722756464,0.9639972967525995,6.0,-0.0196808033268106
95,36.307502896222736,0.9541754348572544,6.0,-0.06401895695124253
96,36.80046008580985,0.9582115521751583,6.0,-0.09138118644649112
97,37.24894555702193,0.9825298589535668,6.0,-0.09257229656526392
98,38.03117696743553,1.0489266756528282,6.0,-0.05910963470121117
99,38.52382680562069,1.0851347865347554,6.0,-0.004298657236009672
100,38.887798966661805,1.099874704544491,6.0,0.045983636261575846
101,39.34041769267633,1.0990960772703242,6.0,0.07919561105675428
102,39.70819830543636,1.0822995557354964,6.0,0.10105383927042853
103,40.33197799604996,1.029212169880488,5.98135321255674,0.0967163890627077
104,40.60717996810118,1.0012390693785096,5.86534115290612,0.07194938274853313
105,41.13207793675373,0.952837966724306,5.648940351115144,0.022557236760802193
106,41.5102901385528,0.9302016054201391,5.327048415114272,-0.04586204365635927
107,41.97506358136664,0.9242788866043288,4.969577983569382,-0.10151831196140874
108,42.41823803013188,0.9481342330586062,4.5533779580498495,-0.17140036027281652
109,42.77671357223581,0.9898890067766342,4.94163044739756,-0.29639161764114713
110,43.29618554693379,1.077223257285073,5.108771488245406,-0.27466322638949325
111,43.561387883882325,1.1239855862683683,5.121067876361148,-0.21308402784024333
112,43.851446683116976,1.1630495381492207,5.115560787517941,-0.14276929725407098
113,44.331191448598155,1.1755287585470748,5.110162767421091,-0.00030191972720680995
114,44.77022518864832,1.1146045655933408,5.2265199018837505,0.14149023985199288
115,45.01301482304456,1.0486261731594912,5.7906143440238065,0.2389593908227349
116,45.28880340987332,0.9470395424265952,6.0,0.3626323292283819
117,45.6690741997637,0.7684451518171246,6.0,0.3819668286449661
118,46.483424938681,0.35886506527512213,6.0,0.24280238896478343
119,46.991457184263375,0.20151287055734782,6.0,0.03811241900564384
120,47.3830211499482,0.1608308520087099,6.0,-0.1038136287522034
121,47.836938310231716,0.2119710958015635,6.0,-0.27361009831480926
122,48.3481817366227,0.3912116024619774,6.0,-0.35090585124220325
123,48.86105377494397,0.6748561910616508,6.0,-0.33546502190751887
124,49.2954210758499,0.9364150566898853,6.0,-0.2316812805249406
125,49.54831889200244,1.0699078073498094,6.0,-0.08824724298823039
126,49.99375440269267,1.2436604840948138,6.0,-0.019725348611720813
127,50.64682846579005,1.3384882300390721,6.0,0.2010833199551001
128,51.099177833358986,1.297212080463353,6.0,0.29628169987415937
129,51.68207056352267,1.1384602779290447,6.0,0.3168569422882304
130,52.201127429019664,0.942645559287063,6.0,0.22806664872821816
131,52.55436843528616,0.8152021262333965,6.0,0.11595012949500981
132,53.02439225231212,0.6901756931888264,6.0,-0.05172432318036694
133,53.592812412817416,0.6385019254032482,6.0,-0.2155183609393586
134,54.16424956076043,0.7135328204949642,6.0,-0.32125364435731113
135,54.66508519829302,0.8742840799996278,6.0,-0.35019659241019957
136,55.29545941890145,1.1483700123605893,6.0,-0.2542857813587084
137,55.84132203443974,1.3570654022969801,6.0,-0.108874961093299
138,56.3825156701258,1.4665107594869649,6.0,0.15259280420422447
139,57.02218073263584,1.4361994986339794,6.0,0.3184068255175691
140,57.533781515050705,1.2758868794591216,6.0,0.4189
141,58.02299349043235,1.0227115677850998,6.0,0.4188999784925607
142,58.57711853630296,0.6982359130385967,6.0,0.2412633549514761
143,59.16726409886888,0.4474686627572311,6.0,-0.07397030359087105
144,59.86436844109971,0.38582387386662204,6.0,-0.32327778156333287
145,60.342051677982134,0.5148086639140641,6.0,-0.4189
146,60.785766977883185,0.7748688827290487,6.0,-0.4189
147,61.171937845138814,1.0982353569653789,6.0,-0.4189
148,61.615289257660336,1.4819213986532487,6.0,-0.3792976666862604
149,61.99737514057219,1.7337314128588543,6.0,-0.14833470148817932
150,62.2730103566711,1.8536023042021537,6.0,0.06216612652357592
151,62.45667465265036,1.904833974851338,6.0,0.0888439234862289
152,62.45667465265036,1.904833974851338,6.0,0.08729837992812833
153,62.45667465265036,1.904833974851338,6.0,0.09001033538040816
