,x,y,v,delta
0,0.1,1.0,2.542894426139097,0.0018353596886172164
1,0.1,1.0,4.368315146125044,0.0017576029919338617
2,0.10859361992367182,1.000000308737963,5.549561636972766,0.001552086206594502
3,0.14885324897015495,1.0000157490093926,6.0,0.0014759838274575662
4,0.2058616964825876,1.0000678968917445,6.0,0.0014722516744533655
5,0.30484085649974674,1.0001843204558902,6.0,0.0014720687720866734
6,0.41871095809857567,1.0003508464174224,6.0,0.0014720602585511365
7,0.6379106597921933,1.0007364401003875,6.0,0.001472060581628126
8,0.9284983836577454,1.0013814863299886,6.0,0.0014720617712120597
9,1.2363235003465873,1.0022240506899749,6.0,-0.001327867325345214
10,1.4622617291507636,1.002946234983175,6.0,-0.0014651612756885145
11,1.798938751844791,1.0041674010734734,6.0,-0.0014718959089894098
12,2.081418507752415,1.0052257376387574,6.0,-0.0014722273078997409
13,2.3275389534547113,1.0060998578773068,6.0,0.0013276821792052565
14,2.633338067757884,1.0070979575565933,6.0,0.0014649893749535652
15,3.1253724995226464,1.0084228286282382,6.0,0.0014717243658599953
16,3.426579308905498,1.0091481066560324,6.0,-0.0013279209319234037
17,3.5977808591821905,1.0095564806871578,6.0,-0.001465183657602123
18,3.917821638380963,1.0103548040397856,6.0,-0.0014719158860961306
19,4.213683938037886,1.0111165957793902,6.0,-0.0014722492570531324
20,4.620795714555365,1.012166685358699,6.0,-0.001472269946389084
21,4.983186085406778,1.0130476581378058,6.0,-0.001472276916214065
22,5.365131135615138,1.0138372725860594,6.0,-0.0014722820893110055
23,5.648307728246116,1.0142881369235286,6.0,0.0013278440192695412
24,6.215115502622814,1.0147499617213658,6.0,0.0014651269617507688
25,6.643148979203679,1.0146978480771656,6.0,0.0014719081267910695
26,7.066896114125406,1.0144511062629105,6.0,0.0014722994043848776
27,7.643573541004686,1.0140559627731816,6.0,0.0014724027737180925
28,7.967439772487584,1.013935561284323,6.0,-0.0013285978634857572
29,8.405205028305293,1.0140182778234947,6.0,-0.001465655029323292
30,8.808553277558365,1.0144060079544466,6.0,-0.001472423467011393
31,9.125054376413072,1.0148642347733288,6.0,-0.0014728370957657873
32,9.587022458398652,1.0156742917198511,6.0,-0.0014729507640817493
33,9.820813416606278,1.016097169221149,6.0,-0.0014730442022357778
34,10.674480647789075,1.0171994522730865,6.0,0.0013315243316685426
35,11.494499965612832,1.016945278772543,6.0,0.001468056775686609
36,12.138478096118364,1.0155741824336617,6.0,0.0014751353722837679
37,12.411663043192991,1.0147488673261804,6.0,0.0014760061990151568
38,12.977927125061454,1.0127889499112983,6.0,0.0014777079575780125
39,13.270653145134592,1.011751822241853,6.0,0.0014789929360286146
40,13.934931773843797,1.0096799103600542,6.0,0.0014811365754659593
41,14.239679696504686,1.0089597534319343,6.0,0.001482766902379951
42,14.70426837938676,1.008237927634674,5.935177567240715,0.001494093926356844
43,14.98874458275403,1.0080441246185263,5.789818294747264,0.0015179623906930579
44,15.300735946551063,1.0080640332742452,5.547394979787761,-0.0014095200163976357
45,15.851230757060026,1.0087437294028176,5.241998677580342,-0.001604725143371522
46,16.140933256974428,1.0094822194475441,4.9005098957076445,-0.0048399549041054845
47,16.60135210891217,1.011089084960846,4.520962730093923,-0.005244161399160008
48,16.782333152321687,1.0118425948955874,4.982617545872099,0.09753712719251062
49,17.20244892695428,1.01373555659169,5.259153605157841,0.10383671283709503
50,17.726248944087065,1.017727859956998,5.4061385200851655,0.09670340290227565
51,17.950747617142206,1.0234211699327367,5.520169574535962,0.0745175626429325
52,18.164634969859478,1.0327567530863437,5.570566340293879,0.04946326645208175
53,18.390611903436373,1.0477573653138657,5.670605699260932,0.015574030771258377
54,18.6777548506,1.0751354416785543,5.869624435277858,-0.023578765827080565
55,18.94848944744316,1.1096530141113454,6.0,-0.05040605134432437
56,19.48650023295976,1.1988807655208256,6.0,-0.10452716980911915
57,19.724524461647928,1.2441579664378803,6.0,-0.1683677293211407
58,20.012553520488943,1.3002925812150408,6.0,-0.1631422036393556
59,20.48814397139118,1.3865189194685374,6.0,-0.1379343946245557
60,20.719331639320735,1.4210363429937714,6.0,-0.09212613573884557
61,21.180163638385032,1.4666315650095139,6.0,-0.02270052122373137
62,21.582218805648996,1.4757900421346624,6.0,0.0423289618086266
63,22.157357822468725,1.4359962580622914,6.0,0.09580904564049918
64,22.387945122365366,1.4041691982929738,6.0,0.11511756282578905
65,22.801741890095165,1.3304048272699909,6.0,0.11603749107388855
66,23.374364817551978,1.2125463073123137,6.0,0.07981609411971924
67,23.64492361566914,1.15910297057689,6.0,0.047297048386895406
68,24.17635753954391,1.0736428986673767,6.0,-0.013079678790030013
69,24.46060538079694,1.0419513755314007,6.0,-0.04682723527633045
70,25.015688567080055,1.0109967731330192,6.0,-0.07084982688607051
71,25.346554833109316,1.0095355166631619,6.0,-0.07481780433781338
72,25.841744778731318,1.0223112146651527,6.0,-0.05824080284462301
73,26.420779353396625,1.043133291189144,6.0,-0.01545485755936494
74,26.699645044749538,1.0494142292396025,6.0,0.020248105927892994
75,27.086942501527194,1.0498800723819184,6.0,0.05278946000369575
76,27.46973321096512,1.0395142983882744,6.0,0.07693222375741761
77,28.107830848054345,1.001762261471478,6.0,0.07813327869985265
78,28.55155404810249,0.9681038521409436,6.0,0.058582595769682756
79,28.836356869548275,0.9477503787120147,6.0,0.026708191413442012
80,29.390004821788384,0.9193788281039285,6.0,-0.005834901482936587
81,29.81165273749129,0.9129289051398117,6.0,-0.038487085997721306
82,30.105583965070085,0.9170769502655619,5.920786443787916,-0.057456990395051595
83,30.578934788153155,0.9369910814249949,5.762969119628091,-0.06510639252747613
84,31.00932662753192,0.9645361047935737,5.515268106249953,-0.06126368313558624
85,31.241591589937578,0.9808613870720195,5.200969706435681,-0.04167969570490447
86,31.807498393809766,1.016506701460738,4.83120135379974,-0.007263495060127629
87,32.00309377006408,1.0250144853308099,4.456106849229048,0.03090395254232599
88,32.33124783409075,1.0320362541332704,5.015481200067968,-0.030630701819811257
89,32.60603836481918,1.0286543809322517,5.398015708028167,-0.00015475382178341526
90,32.90589876290766,1.0127406455175996,5.671681650651627,0.018930044980713677
91,33.49401086821999,0.9425453484388094,5.9225153113678966,0.03075306428487325
92,34.01154612967908,0.8602322184329891,6.0,0.036599229208852925
93,34.41033953428376,0.7951014717860119,6.0,0.050777719412374286
94,35.15410154951124,0.6851202984640463,6.0,0.11296746318594503
95,35.59691517127434,0.6313859875575754,6.0,0.10482965547111595
96,35.85737493511197,0.6051991328835294,6.0,0.0932948833057918
97,36.360757928230875,0.5714737880850606,6.0,0.059173239254161944
98,36.83519543518147,0.564741437517418,6.0,0.012691571421990726
99,37.30459384475205,0.5861894229101343,6.0,-0.048391186236591936
100,37.878578862379385,0.6504320052018634,6.0,-0.07932721816425595
101,38.11933879110672,0.688226685195998,6.0,-0.09756930265120857
102,38.64569731446535,0.7840454586097519,6.0,-0.09566496295992881
103,38.83642629541552,0.8203855716750031,6.0,-0.07323432084713885
104,39.23988383332161,0.8939272101210687,6.0,-0.04417779483457374
105,39.786304837131745,0.97500242428342,6.0,-0.0007663393098573974
106,40.20376538791173,1.0156608127898543,6.0,0.034979174390159316
107,40.48351588506744,1.031678897015847,6.0,0.05352448659797444
108,41.117880217948226,1.039582333166042,6.0,0.057238134033361324
109,41.66063413869473,1.0262295770331171,6.0,0.032220709974929006
110,42.01514370661074,1.015066102882609,6.0,0.00857319409178704
111,42.49265718536896,1.004814987928648,6.0,-0.023449384284823585
112,42.877980728273386,1.0044812430369692,6.0,-0.04746278525136439
113,43.228737286057715,1.0114440407587661,6.0,-0.059873480378649625
114,44.066441294083575,1.0486692853312232,6.0,-0.04928288013687612
115,44.58477503212278,1.0743465264556087,6.0,-0.017811937545916368
116,45.21700557099114,1.0920491080195887,6.0,0.020421889565411935
117,45.74043426896272,1.0874759427635097,5.81652191070936,0.06305398395302034
118,46.56833384956409,1.044114192426333,5.469011969528561,0.07345450292188586
119,47.27146180647138,0.9886668435968083,4.933267496949304,0.05315830127482786
120,47.539223512987896,0.9686209560323495,4.427678051072841,0.021825546180408342
121,48.19599189905565,0.9389031745115182,4.8455878396573935,0.05338259302769526
122,48.49977280241811,0.9433760797387499,5.12177529424885,-0.004632232922492197
123,48.817536611532596,0.9660618967243455,5.3808827126652785,-0.0497077326017107
124,49.10288634421183,1.0064423809627596,5.621411255337391,-0.07422064780751372
125,49.46062301927356,1.0774277152988458,5.999999785248985,-0.08650560089300431
126,49.747209039303705,1.1435307132794141,6.0,-0.08690824454063828
127,50.048239631291594,1.2143019354682576,6.0,-0.08956594604580935
128,50.427210732478535,1.2975486554460278,6.0,-0.1260045502493697
129,51.09410869470919,1.4110434107633785,6.0,-0.09433057244164758
130,51.63092110868528,1.4628983029091476,6.0,-0.031215707240606964
131,52.13164255699099,1.4727278851977248,6.0,0.016700689549314435
132,52.61717875190276,1.4456793077474055,6.0,0.06662150621180059
133,53.28987438029947,1.3544949971297875,6.0,0.09417430302072921
134,53.984800303632255,1.2202389288648867,6.0,0.08991738993614759
135,54.43487571920448,1.1310552081679692,6.0,0.058978120925592556
136,54.946245945591734,1.0445814363202626,6.0,0.026688489623914763
137,55.40221775677762,0.9895953088771082,6.0,-0.01969151049981699
138,55.884277776708636,0.9574097164920852,6.0,-0.04157935523076857
139,56.36066233975624,0.9502206466766093,6.0,-0.056652495395509435
140,56.863668794603996,0.9615641178145937,6.0,-0.04899622693335444
141,57.27285586972351,0.9777975049337532,6.0,-0.029017567301646712
142,57.8277058103714,0.9981752812484518,6.0,0.0028074708988850934
143,58.06525936691784,1.0035640770959977,6.0,0.03523334880619714
144,58.83867826082312,0.99991986117764,6.0,0.059282562456649535
145,59.316394710344,0.9819931776404793,6.0,0.06329405743669785
146,59.66684404568518,0.9642805237467195,6.0,0.04947298111600784
147,60.434372366972816,0.9275621262295538,6.0,0.00933484238590545
148,61.023233759840984,0.9169407141647868,5.917806315119512,-0.03815823051103001
149,61.58072112670619,0.9299230587580817,5.747547729650144,-0.06430874745899574
150,62.288938665411365,0.9775457823630656,5.360109410725738,-0.08645471112644605
151,62.78434381368559,1.023056907457591,4.890063902377126,-0.07315800851118061
152,63.22627937969707,1.0623761690342048,4.4049537155570535,-0.043186940757769784
153,63.51724162819299,1.0819691243691287,4.876546592739509,-0.07332888066779676
154,63.99091661733048,1.0912067834664785,5.1750365851799165,-0.01790575591172024
155,64.33988844475923,1.067062690601085,5.433180288303499,0.05422603646902992
156,64.70144977087672,1.0105866910796324,5.663150642465379,0.07704888824430887
157,64.90229679540955,0.9687883518413809,6.0,0.09508439382487835
158,65.439052476243,0.8409710467457304,6.0,0.09836575289913095
159,65.85801452430293,0.7432766004619061,6.0,0.12079495572426494
160,66.3927529242863,0.6411204572850531,6.0,0.11079186496793589
161,66.60527091266157,0.6099171073943113,6.0,0.07401352622013933
162,67.31969463566001,0.5531126337334696,6.0,0.021821951462435606
163,67.85097860402755,0.5620737991080953,6.0,-0.02275756313781333
164,68.07163842574212,0.5783762194241068,6.0,-0.06131318031309149
165,68.78524119645964,0.6716085776191136,6.0,-0.0827359826871699
166,69.22796375670264,0.7498713111483667,6.0,-0.07819139117374663
167,69.4509373517245,0.7911860793648993,6.0,-0.06399622991294582
168,70.12196670807842,0.9067645199451209,6.0,-0.032532146932657616
169,70.65025668248609,0.9749496842188259,6.0,0.01380400135417148
170,71.07053955114475,1.008915781174802,6.0,0.04129029917705472
171,71.7229305211963,1.0254894279728142,6.0,0.0594300733511689
172,72.23922369740713,1.0152482762566692,6.0,0.05472837150358133
173,72.70714317019389,0.997956605795765,6.0,0.023688148019596348
174,73.29995549139898,0.9798373434817322,6.0,-0.005871370079830781
175,73.80398470978092,0.9774120238981764,6.0,-0.038185716623035985
176,74.27956038010716,0.9892893012413854,6.0,-0.05941952465477786
177,74.75895836453189,1.0132015924394764,6.0,-0.06329295198123824
178,75.09958121563261,1.034334447357423,6.0,-0.0494639406273774
179,75.91714876314337,1.080195254764974,6.0,-0.006511631490453906
180,76.41783278193924,1.0922980378267775,5.962128069777064,0.03810230400973074
181,77.04305927423611,1.0814089178070296,5.77581560602378,0.06703012691420067
182,77.70590491363974,1.0401420951511686,5.4218002472743105,0.08302207298565455
183,78.26643293871459,0.9919600629811047,4.983409891154783,0.07220006562792891
184,78.69447973766245,0.956602309826662,4.395962537425923,0.02654054376860249
185,79.20355052332934,0.9304645984926543,4.827702976089905,0.06007917989426976
186,79.64448612388956,0.9359807224229644,5.130457734244276,-0.016525176182669223
187,80.04393477643711,0.9768868888476112,5.392455923291053,-0.06822931370524238
188,80.39643113261283,1.045522708357571,5.684036196013556,-0.10073553296064401
189,80.67120930929893,1.1128013103400247,6.0,-0.11012929131037928
190,81.19378058973518,1.2488105717919953,6.0,-0.11300650839208351
191,81.43913928841822,1.3079872295220223,6.0,-0.12707142239494976
192,82.05636616125369,1.4258427422302806,6.0,-0.09160140869762692
193,82.5025879990065,1.4748737116264268,6.0,-0.0563121794177915
194,82.97250607400753,1.4906399504963106,6.0,0.004279072696140339
195,83.47869428607534,1.4679749837665572,6.0,0.05762717733686285
196,84.06810732348298,1.395653838860528,6.0,0.08815145792143397
197,84.60850843501551,1.299448892151236,6.0,0.08962720020601449
198,85.05599240333194,1.2120776096644426,6.0,0.07014754150889212
199,85.6810370245046,1.101379912242191,6.0,0.032834141993461484
200,86.27163467080352,1.0285920663887087,6.0,-0.027793852362583915
201,86.8482865667139,0.9968975232689679,6.0,-0.058747586676261114
202,87.3209659199541,0.9986040152807868,6.0,-0.07703747355298289
203,87.92232264359708,1.0253666032414077,6.0,-0.06675132774968306
204,88.45680079917781,1.056539981453347,6.0,-0.02427047527752433
205,89.08738718896116,1.0799214712317793,6.0,0.01982673817695348
206,89.34448712752464,1.0810487452500461,6.0,0.049986532853216976
207,90.00896511522575,1.0580651619277845,6.0,0.08224899569083642
208,90.72444838664225,1.0000181624004099,6.0,0.07546413992851111
209,91.42920939757373,0.9354936048691959,6.0,0.04433250248798348
210,91.87547091421358,0.9062246517137219,6.0,-0.0020872537229216052
