,x,y,v,delta
0,0.1,1.0,2.5118072404838774,0.0011204359702465167
1,0.1,1.0,4.307254431688083,0.0013356200812935871
2,0.10443328794280574,1.0000000276032743,5.495746849446264,0.0012700690618341998
3,0.12551354670078851,1.000000736162809,6.0,0.0012213144355739697
4,0.1896852161539796,1.0000271617733654,6.0,0.0012148131171598171
5,0.26217406658598763,1.000068105727261,6.0,0.0012139467455987208
6,0.3703029623172107,1.000150864289684,6.0,0.001213832122004171
7,0.5526055213164204,1.0003417692707484,6.0,0.0012138179158675527
8,0.7069650180989043,1.0005474874904254,6.0,0.0012138180619346306
9,0.943373739149164,1.0009368186369483,6.0,0.0012138191573908808
10,1.0848458597041155,1.0012124646988008,6.0,0.0012138210536484179
11,1.328983503306426,1.0017626856980077,6.0,0.0012138233962207179
12,1.7093787077970697,1.0028076483839041,6.0,-0.0008905330193459391
13,1.8824362019056273,1.003359603699107,6.0,-0.001171017361978163
14,2.209595996747843,1.0045232272679998,6.0,-0.0012084277081201593
15,2.483498426681791,1.0055612896802346,6.0,-0.001213443121372379
16,2.762971529094825,1.0066680320299919,6.0,-0.0012141525745436635
17,3.0783137679252874,1.0079325205660588,6.0,-0.0012142868856636708
18,3.4041523618902025,1.0091918004233076,6.0,-0.0012143364563040368
19,3.674417322612075,1.010169423110717,6.0,-0.0012143813215414049
20,3.9340879838621166,1.011036795154589,6.0,-0.0012144300509278937
21,4.214589676082385,1.0118656776838384,6.0,-0.0012144917930984906
22,4.712946591141233,1.0130065933717705,6.0,-0.0012145683049884321
23,4.979188085527857,1.0134282556530612,6.0,0.0008901747458399448
24,5.2438859628627315,1.0137072283438497,6.0,0.001171446566440491
25,5.703373718843849,1.0139138527190523,6.0,0.0012089432669041042
26,6.044311256019878,1.0139427544051967,6.0,0.0012140133497588197
27,6.543899763051384,1.0139734174087494,6.0,-0.0008927681470239184
28,6.888111602490456,1.014107594551683,6.0,-0.0011727329928969187
29,7.222472600987375,1.014392561150926,6.0,-0.0012101841621284047
30,7.583702923484968,1.0148527436290733,6.0,-0.0012153964327638706
31,8.040641258779686,1.0155403884341316,6.0,-0.0012164139031967233
32,8.241884214267607,1.0158579938846701,6.0,-0.0012169105423080028
33,8.802525966280786,1.0166312189883342,6.0,-0.001217465696268116
34,9.78231652780788,1.0169777775330378,6.0,0.0009000576521514423
35,10.311166053924879,1.0164049506060053,6.0,0.001179329920107406
36,10.730187921823667,1.0155382780411502,6.0,0.0012171633100282633
37,11.036060680411541,1.0147229988178978,6.0,0.0012233441497652502
38,11.541363897270895,1.0130824648458485,6.0,0.0012266864800719725
39,11.798924590015323,1.0121795444328225,6.0,0.0012284227068491635
40,12.120430856862288,1.0110440651112689,6.0,0.0012307922594111237
41,12.518978493620699,1.0097028461215658,5.957482065345877,0.0012375216989567
42,12.939118166463508,1.0084659984670257,5.8248056757747415,0.001253616145490088
43,13.623675156877011,1.0070541950666467,5.622078451487646,0.0012778526342346371
44,13.897534668905411,1.006745889088119,5.3850282312195,0.0013065837136136006
45,14.266744047043662,1.0065985799233017,5.1502842061982905,-0.0009520325246265952
46,14.771739656052857,1.0070266377572792,4.880764837938871,-0.0013106887283104642
47,15.000417846400937,1.0075116644065674,4.609858238382567,-0.001396877715946517
48,15.316389863712274,1.008470182318625,4.341539265893236,-0.003830357312903192
49,15.701894723383058,1.010139756998251,4.061488485185497,-0.0043608992265180046
50,15.898836865869093,1.0111416317307886,3.7486244371362387,-0.004585433740135662
51,16.21047177724452,1.0127104520886396,3.456348238966883,-0.0022813092466220735
52,16.49838077051926,1.0138952140073767,3.156598709929631,-0.0018183816294611065
53,16.757026272174173,1.0145194093799401,2.894219986190709,0.0007580095436240756
54,16.99143582066664,1.0145574513081703,3.554770394283644,0.08074573878471064
55,17.23211495227364,1.0139609775137106,3.9278384934735606,0.09881487459780447
56,17.337309184736455,1.0135653796824313,4.150852808383059,0.10081532471007
57,17.571295965489412,1.0156733455914588,4.286639211184308,0.09070472255265505
58,17.69137645212785,1.0193016566783533,4.3565651304980015,0.07423042063968947
59,17.876796254966337,1.0290602398217943,4.438788629485585,0.05192591408545798
60,18.070971228183115,1.0449339400707547,4.5368277633178735,0.021798988591099216
61,18.366132574731928,1.0796510392798744,4.646458138894286,0.00013733322370752316
62,18.531610773136514,1.104051751423938,4.8561925160926895,-0.019543412236534177
63,18.805164623502343,1.1499424056957708,5.199936131722279,-0.037754471457139886
64,18.979768130059544,1.1816200267356953,5.7741243462285,-0.05131603301426181
65,19.22298476743754,1.2270403186392065,6.0,-0.06258470402510406
66,19.437914914894016,1.2668805605373312,6.0,-0.085087437665599
67,19.65560417222245,1.3057058304898113,6.0,-0.11161405333167715
68,20.18404347392774,1.3881112653481402,6.0,-0.10259918092990643
69,20.42616337438143,1.4181334155793386,6.0,-0.08670632189330353
70,20.772218109631293,1.4499225253181411,6.0,-0.06762734221690986
71,21.047537315140847,1.4649414909152148,6.0,-0.043876041343686036
72,21.367244997264383,1.4704704092604315,6.0,-0.02377471659027468
73,21.724160061667835,1.4618358835020457,6.0,-0.0020357837250412148
74,22.001979536008097,1.4451070362696672,6.0,0.01350352125239562
75,22.26562768001785,1.4221920125529794,6.0,0.02399331731695866
76,22.73247202631334,1.368729224100939,6.0,0.03166412589849874
77,23.138634732669804,1.31382746098999,6.0,0.03264194152776639
78,23.47451054992074,1.2660986825612557,6.0,0.030659384869319586
79,23.985123916370927,1.1950930939904896,6.0,0.026179322491699304
80,24.3644994733146,1.1467725905602635,6.0,0.01927020799932452
81,24.867938075072733,1.091559762757138,6.0,0.012037443785545884
82,25.33033480247111,1.051009480087668,6.0,0.006865490241700408
83,25.799337257229,1.0198380842429342,6.0,0.004072653412562493
84,26.053900727017552,1.0067463579145135,6.0,0.0015915878172753513
85,26.49897884220885,0.9896890999544543,6.0,0.0012721864447552361
86,27.11710937697104,0.9754104964581265,6.0,0.0012332287868933188
87,27.38006554610334,0.9717942246489807,6.0,0.0033761443165580213
88,27.809373675290082,0.9680709717532835,6.0,0.0036544543229759916
89,28.22358532168638,0.96636465044616,5.93727906987413,0.0037152183589169952
90,28.829837997171573,0.9662318916691758,5.778161897798528,0.0037770917167638967
91,29.240856200191228,0.967429679790077,5.550312208838284,0.00162656266891759
92,29.748882717658812,0.9703195487290249,5.284557397800048,0.001367445693276581
93,29.957768429529768,0.9720173117575347,5.026796819625597,-0.0009462689939656028
94,30.470889032951106,0.9775507254422823,4.733199339967002,-0.0036682106059581655
95,30.834080293571365,0.9828513900944998,4.432381808704614,-0.006585745045812863
96,31.110552912445705,0.9876694025603235,4.089325097917487,-0.009714735174492962
97,31.51690819630567,0.9957348604976674,3.720244305905044,-0.01063829197322173
98,31.8421244936257,1.0025739700211158,3.3911996411689973,-0.01115250319741014
99,32.154710281202064,1.0085920447433623,3.070864432392782,-0.009125596145585573
100,32.30773913129409,1.0110237908055821,2.7967833757135043,-0.0063473329428039155
101,32.5381186671464,1.01357364404753,3.551383212454076,-0.07459734928550399
102,32.73398974228908,1.0142993699124214,4.006635808686625,-0.08498093242562939
103,32.88568125430433,1.01374224880729,4.257276259856552,-0.0855225000974286
104,32.994299600957184,1.0118901912349973,4.390383981395845,-0.07774825947423127
105,33.18811493388671,1.0048129271281985,4.495738229985193,-0.0616346796727001
106,33.37145915663786,0.9935312976648515,4.617376614080881,-0.04189335246950932
107,33.55795539589426,0.9773750393112068,4.683206767343541,-0.026735887932347956
108,33.707202466471244,0.9612864019445374,4.864524360706326,-0.003102774579781367
109,34.017370023681494,0.9205641579476425,5.132358114714087,0.018758817120341505
110,34.21162452160786,0.8909970369450473,5.431318665852633,0.030395621169711878
111,34.496780577475135,0.8442824483447603,5.968169103165817,0.043243951149660204
112,34.865821552807134,0.7822231146357739,6.0,0.0636338397546599
113,35.18642461087975,0.7302519829201565,6.0,0.10226900180307645
114,35.38988915195829,0.69933161079835,6.0,0.10537618156247028
115,35.62615040135069,0.6664531129075176,6.0,0.09736596321108601
116,35.924672078244726,0.6314373482787211,6.0,0.08583185413691642
117,36.20031118930871,0.6069867172251019,6.0,0.06956742815163272
118,36.480526572335215,0.5906982463744104,6.0,0.04620180702705243
119,36.81333016780519,0.5835054512982938,6.0,0.021938329262516508
120,37.18284949785565,0.5907696677968359,6.0,-0.00452536425736806
121,37.71067231217943,0.6263953992391281,6.0,-0.022782614244301617
122,38.19468128613214,0.6797199495049856,6.0,-0.03568932642805025
123,38.60754540821416,0.7351297277011383,6.0,-0.03949030343825527
124,38.870565620809636,0.772734513416498,6.0,-0.039980498785744466
125,39.13641092392689,0.8109856525181872,6.0,-0.0358357089645342
126,39.69720271890858,0.8874335235965297,6.0,-0.024764962736297465
127,40.27614685904253,0.9533803242260173,6.0,-0.010664944442096456
128,40.813162711815956,0.9986244841491461,6.0,-0.002455320389815411
129,41.26630719176528,1.0246611634977165,6.0,0.0028648386171596114
130,41.47686933965075,1.0333716372966746,6.0,0.0056924972428910835
131,42.038244342535464,1.048109732641946,6.0,0.003933721199599808
132,42.30865405403744,1.0518476654050273,6.0,0.001573144967719258
133,42.71395131243193,1.0548858865729087,6.0,-0.0030199701866416083
134,43.323751692723555,1.0565029166819142,5.999999990139736,-0.005765158771471431
135,43.897671142092,1.0571521725273318,5.916331081844271,-0.008335978932458316
136,44.13061137587098,1.0573902173854426,5.7632137362467795,-0.008779933133167201
137,44.57734881256829,1.0576684020683693,5.580739993922018,-0.00674704645787583
138,44.89135368642538,1.057413817394478,5.387513694776192,-0.0043242799988364704
139,45.23953770581501,1.0563321362429918,5.167796273858957,0.000509150257376759
140,45.57223464150456,1.0541379199462368,4.923223869892576,0.0058728538505791504
141,46.02323343898601,1.0487807551257595,4.656877691896706,0.009196625089946236
142,46.39703600748666,1.0421065131796063,4.3657302924690295,0.014750378429224595
143,46.64528136482233,1.0367196526806062,4.047737460351964,0.016151641494620467
144,46.91997371851968,1.0302108000278518,3.7438219418489154,0.01440228553729635
145,47.18360980162675,1.02404164042814,3.4596668902369703,0.011929783587659507
146,47.56655545518716,1.0168639822216043,3.129412909485601,0.00426129903157481
147,47.75541705909709,1.0148773611299158,2.8779282146837675,-0.002593647898398415
148,48.034772009038655,1.0146070593579168,3.5322655098305855,0.06802236618304365
149,48.36873299669529,1.0188987929158146,3.9270283948719684,0.0794889931845326
150,48.50706473612861,1.0221929416923723,4.14688221105443,0.07816405035990423
151,48.71152779024422,1.0307206091289858,4.2864859312343295,0.06761884783945679
152,48.96723839314013,1.0484081130198881,4.434047779090169,0.04368925022112359
153,49.10812738701946,1.061868846298618,4.5672918334954264,0.02265363693659468
154,49.30501451889082,1.0849269082802981,4.754661180835119,-0.00209350076562756
155,49.537400623378865,1.1177690401967786,4.997764302820964,-0.01971667539062929
156,49.82367447389263,1.1644496832754605,5.399519256707451,-0.03718133232825764
157,49.99043863712251,1.1935543088723053,5.9794330811334175,-0.0503663336365474
158,50.40687969215285,1.267556553348495,6.0,-0.07299379037253353
159,50.57606627907205,1.2967550727680912,6.0,-0.10996894021972228
160,50.90550371351112,1.3499549463646272,6.0,-0.1107977622545561
161,51.21730617041567,1.3938156885324506,6.0,-0.10044367728597327
162,51.54131238098724,1.4300746255722874,6.0,-0.07784134077669687
163,51.97844690858616,1.4600416805003287,6.0,-0.053714286548321444
164,52.221834066615735,1.4663817691517531,6.0,-0.0293086124238305
165,52.55271834407572,1.4629845125647394,6.0,-0.009122255282768638
166,53.03486586719904,1.4351414211498608,6.0,0.014695317912405899
167,53.23182116934779,1.4169106860222451,6.0,0.0283654887626022
168,53.62027053980369,1.372024614640867,6.0,0.0364543005705436
169,54.018605865013136,1.3172956358558676,6.0,0.0374989708826159
170,54.60380718428133,1.2314318698961364,6.0,0.03340460266657997
171,55.0720365062178,1.165926687376926,6.0,0.024440958054216484
172,55.653474970094464,1.0963037066855275,6.0,0.01272705335213059
173,56.122188990456515,1.052745752911955,6.0,0.0069573418387141326
174,56.54336684740548,1.0235254024599485,6.0,-0.00012890926524427833
175,57.02424741502461,1.0006116051021223,6.0,-0.003205814746095981
176,57.49072638553919,0.9870479276313159,6.0,-0.0014797512887274088
177,58.085546252424166,0.9781949719606112,6.0,0.0008818880772495796
178,58.32687668008892,0.9762776391593438,6.0,0.001184812593052763
179,58.67514525937436,0.9744781576713749,6.0,0.005529884382835221
180,59.04798770965496,0.9732859760517235,5.948662318110173,0.006114195572379429
181,59.62184125981661,0.9720698068715072,5.817266135568048,0.008452233063725393
182,60.06175999468484,0.9715207417672688,5.653856714507009,0.006659299329474045
183,60.41652875185583,0.9715945371767086,5.44809663336156,0.004288239856103296
184,60.832745945113786,0.9727079777738947,5.188552754082742,-0.0005179799191445916
185,61.29726774778679,0.9759260285907119,4.884319155536784,-0.0035688710025985134
186,61.56626310012122,0.9790093281371378,4.576791635228224,-0.008868501743179937
187,61.875799688785015,0.9837202280005197,4.281176142222543,-0.012383439355831104
188,62.18284730985007,0.9895997138202852,4.007340807215318,-0.015734308991346473
189,62.5011125026654,0.9967168075119419,3.746532941757409,-0.016748316012735385
190,62.67173400516342,1.0007744086709933,3.485912018182782,-0.014890121196258311
191,62.88313453672377,1.0056175055262548,3.252503247568354,-0.012305957690356466
192,63.07802674594247,1.0095528343947093,2.996749740988081,-0.006995907957506496
193,63.372552404822336,1.0135530609030274,3.8071717743333613,-0.06681612054201119
194,63.655343369392384,1.0142138754153012,4.140497452050948,-0.08279595274206682
195,63.86539445100162,1.0120979854111707,4.360311926878236,-0.07972961761947858
196,63.99029550909917,1.00883597860559,4.496916511690286,-0.06899144149385637
197,64.23520901243535,0.997197009188477,4.575761208037159,-0.0526966387533128
198,64.3942540642108,0.9856352783067145,4.700529668442221,-0.026130549243508248
199,64.6551255366902,0.959870285684977,4.877886640010838,-0.002994108871587831
200,65.01838654281659,0.9113212031410783,5.154030921650982,0.023264284074471005
201,65.24562564670642,0.8752491281217919,5.66961540308083,0.04331834471147328
202,65.54579786752927,0.82351958594282,6.0,0.05734813067901121
203,65.7998208461727,0.7783451568411683,6.0,0.07181744461715042
204,66.17196793389091,0.7140739106398181,6.0,0.10980669783349879
205,66.57845349817595,0.651575624654591,6.0,0.10434518342603069
206,66.97951565181445,0.6023415259430847,6.0,0.08679643662801069
207,67.41746238959298,0.56826387718985,6.0,0.06335269866674677
208,67.59837790797638,0.5609412828435311,6.0,0.03691964778463186
209,67.89189503798453,0.5580077254742863,6.0,0.014360434880247306
210,68.30304595301554,0.5717957175469026,6.0,-0.00765250230551785
211,68.73981202281601,0.6068632081927383,6.0,-0.025327233312955454
212,69.13023647339978,0.6519757786538695,6.0,-0.03396071097072254
213,69.53320807648298,0.7073825777488991,6.0,-0.03716350815344031
214,69.89097638074264,0.759948783256305,6.0,-0.03546900502968661
215,70.11347605220926,0.7926863213119286,6.0,-0.03102931601466351
216,70.44897123312958,0.8403891480092766,6.0,-0.026228038087255996
217,70.92929031605198,0.9021843449703109,6.0,-0.01717295606000702
218,71.2635373390591,0.9391494730653152,6.0,-0.011761251446333545
219,71.67827345378727,0.977303664743633,6.0,-0.006836263668257775
220,72.03632238673107,1.0034659210280008,6.0,-0.004075299664029668
221,72.46553160544089,1.0273598211524593,6.0,-0.0015921222080747476
222,73.16207983792968,1.0520525036593562,6.0,-0.0034065309344186766
223,73.62280052389305,1.061626074977012,6.0,-0.00579058629440456
224,74.04639134981468,1.0673402423991083,6.0,-0.006105582694159515
225,74.30862026463696,1.0697441355166415,5.993913730549496,-0.006159718785287155
226,74.69768699099016,1.0720205490633006,5.924044437604376,-0.006208307993080124
227,75.26587723062755,1.0728405173920446,5.790488362386309,-0.0040949379049208465
228,75.66794542149567,1.0716274068431968,5.598803979375428,-0.0016608882422935753
229,75.8787877644186,1.0703523372983654,5.3852556118869686,0.0008953188727290716
230,76.27883781241954,1.0665648991020702,5.148615242897959,0.003563709450150349
231,76.6237566763029,1.0617139199110874,4.893102525322076,0.00868152100707222
232,76.97714384125315,1.0552110708986675,4.61925534174605,0.01204490590835486
233,77.38010255761472,1.0460844503690894,4.3039668358080245,0.012937035692257588
234,77.64593936056815,1.0394329931651938,4.019604800905222,0.013407503233888812
235,78.10603805697203,1.028108319968049,3.6590662734439383,0.009024943754194388
236,78.2899082162935,1.0241833047252424,3.36029960946117,0.005838241251066539
237,78.54962788090972,1.019914249565789,3.0773258051046652,0.0002489847760693213
238,78.75659749289822,1.0179515953512641,2.822600494219741,-0.006208997704421
239,79.03565125642457,1.017900362579412,3.513246017302979,0.06716473996217483
240,79.17281923596043,1.0190371849774096,3.914108879460946,0.08177895186354164
241,79.36904846755944,1.0222881445320249,4.160102840248544,0.08085727473538479
242,79.57149535827595,1.0298917066406161,4.326046737440583,0.06784505385966282
243,79.72486131473401,1.0390582387101865,4.418692884427369,0.04617906452844813
244,79.94336625028689,1.0576268784459621,4.582061538854092,0.0230349215334118
245,80.16757363868807,1.0833027364160182,4.70637334120782,0.0026292682979926598
246,80.37525695411783,1.1122939359534445,4.975577087214124,-0.023559095968686675
247,80.75403076869591,1.1749014968870164,5.438042094426948,-0.04198046091010792
248,81.11317998763002,1.2402749012141379,6.0,-0.05925783089301701
249,81.47673048562079,1.3064680253632772,6.0,-0.09728365312859139
250,81.83336514538414,1.3670500123205898,6.0,-0.11547270344426777
251,82.31942189531652,1.437068767938955,6.0,-0.1053931256699376
252,82.75852736245957,1.4815411011531194,6.0,-0.08078076731366687
253,83.03787300676869,1.4982421155529004,6.0,-0.05201874030521363
254,83.76990020627329,1.4923329829604248,6.0,0.002844081524452726
255,84.21806826460997,1.4534882028116565,6.0,0.03531869402234474
256,84.81825106144625,1.365566082345836,6.0,0.06474140104690726
257,85.3046300704719,1.2738070928897076,6.0,0.07281938174055168
258,86.13835537178024,1.1072792746683309,6.0,0.061273917430518215
259,86.55372487342655,1.0342891391757365,6.0,0.04079746968329042
260,87.073717195054,0.9625251269433612,6.0,0.01911381079914334
261,87.56342814688308,0.9190101827073548,6.0,-0.009086409540519225
262,88.07513681801284,0.8989381431156673,6.0,-0.0233812155650473
263,88.57684120537523,0.9003480255108232,6.0,-0.029506937281942102
264,89.08252923636941,0.9167243212466332,6.0,-0.026099029640715525
265,89.81823928351467,0.9519156601594599,6.0,-0.012951853863519856
266,90.36077509899422,0.9754613084727338,6.0,0.0015137640953707644
267,90.97631943052846,0.9920161196508498,6.0,0.014064646478742969
268,91.22538475417112,0.9947005154991626,6.0,0.02212399251816947
269,91.6881043537762,0.9940300527166928,6.0,0.025351558939597913
270,92.4227607011294,0.9833226657566433,5.9261667349547125,0.015153155904755444
271,93.34650102020473,0.971513441853491,5.6841551075307795,-0.010190464189187483
272,93.90732152948233,0.9761101967005277,5.349710612190869,-0.03201766164769225
273,94.84959932610103,1.011608077842794,4.852977172129586,-0.048241758782832024
274,95.56926417101982,1.0559281811599366,4.330461266238227,-0.04817831185377295
